1345.51546875
1345.51546875
1345.51546875
1286.124375
1284.07640625
1632.23109375
1628.13515625
1646.566875
1644.51890625
1632.23109375
1621.99125
1595.36765625
1617.8953125
1525.73671875
1578.98390625
1578.98390625
1703.91
1650.6628125
1771.49296875
1607.65546875
1779.68484375
1769.445
1669.09453125
1726.43765625
1660.90265625
1671.1425
1689.57421875
1628.13515625
1732.5815625
1710.05390625
1615.84734375
1648.61484375
1712.101875
1681.38234375
1726.43765625
1535.9765625
1718.24578125
1697.76609375
1753.06125
1562.60015625
1701.86203125
1621.99125
1812.45234375
1712.101875
1757.1571875
1699.8140625
1755.10921875
1787.87671875
1654.75875
1710.05390625
1695.718125
1724.3896875
1644.51890625
1738.72546875
1859.555625
1628.13515625
1679.334375
1714.14984375
1800.16453125
1920.9946875
1681.38234375
1724.3896875
1652.71078125
1687.52625
1662.950625
1679.334375
1646.566875
1607.65546875
1812.45234375
1730.53359375
1826.788125
1624.03921875
1757.1571875
1699.8140625
1683.4303125
1687.52625
1697.76609375
1621.99125
1685.47828125
1693.67015625
1689.57421875
1699.8140625
1746.91734375
1675.2384375
1632.23109375
1611.75140625
1851.36375
1697.76609375
1664.99859375
1603.55953125
1609.7034375
1794.020625
1705.95796875
1714.14984375
1789.9246875
1777.636875
1667.0465625
1744.869375
1716.1978125
1664.99859375
1785.82875
1697.76609375
1734.62953125
1722.34171875
1685.47828125
1697.76609375
1734.62953125
1726.43765625
1738.72546875
1722.34171875
1812.45234375
1701.86203125
1562.60015625
1718.24578125
1820.64421875
1638.375
1630.183125
1748.9653125
1787.87671875
1621.99125
1734.62953125
1802.2125
1773.5409375
1667.0465625
1751.01328125
1714.14984375
1720.29375
1587.17578125
1664.99859375
1728.485625
1656.80671875
1642.4709375
1617.8953125
1726.43765625
1697.76609375
1763.30109375
1681.38234375
1761.253125
1730.53359375
1781.7328125
1613.799375
1705.95796875
1753.06125
1738.72546875
1726.43765625
1716.1978125
1644.51890625
1595.36765625
1701.86203125
1730.53359375
1681.38234375
1703.91
1705.95796875
1648.61484375
1757.1571875
1652.71078125
1712.101875
1673.19046875
1574.88796875
1669.09453125
1761.253125
1638.375
1685.47828125
1720.29375
1632.23109375
1687.52625
1621.99125
1681.38234375
1640.42296875
1746.91734375
1712.101875
1687.52625
1675.2384375
1738.72546875
1697.76609375
1679.334375
1740.7734375
1828.83609375
1583.07984375
1589.22375
1640.42296875
1685.47828125
1687.52625
1658.8546875
1662.950625
1681.38234375
1738.72546875
1656.80671875
1744.869375
1908.706875
1619.94328125
1644.51890625
1751.01328125
1660.90265625
1644.51890625
1685.47828125
1664.99859375
1785.82875
1738.72546875
1742.82140625
1710.05390625
1763.30109375
1822.6921875
1570.79203125
1669.09453125
1617.8953125
1710.05390625
1654.75875
1718.24578125
1660.90265625
1828.83609375
1693.67015625
1724.3896875
1804.26046875
1748.9653125
1726.43765625
1689.57421875
1683.4303125
1746.91734375
1634.2790625
1791.97265625
1664.99859375
1687.52625
1771.49296875
1724.3896875
1759.20515625
1701.86203125
1751.01328125
1771.49296875
1681.38234375
1714.14984375
1697.76609375
1673.19046875
1728.485625
1681.38234375
1615.84734375
1654.75875
1763.30109375
1673.19046875
1705.95796875
1638.375
1763.30109375
1796.06859375
1681.38234375
1624.03921875
1791.97265625
1718.24578125
1695.718125
1695.718125
1718.24578125
1771.49296875
1689.57421875
1638.375
1601.5115625
1673.19046875
1646.566875
1755.10921875
1677.28640625
1660.90265625
1640.42296875
1777.636875
1697.76609375
1814.5003125
1757.1571875
1755.10921875
1658.8546875
1648.61484375
1671.1425
1765.3490625
1757.1571875
1714.14984375
1654.75875
1652.71078125
1720.29375
1607.65546875
1667.0465625
1728.485625
1648.61484375
1593.3196875
1640.42296875
1699.8140625
1599.46359375
1718.24578125
1714.14984375
1689.57421875
1654.75875
1701.86203125
1714.14984375
1738.72546875
1710.05390625
1697.76609375
1587.17578125
1761.253125
1736.6775
1646.566875
1724.3896875
1730.53359375
1685.47828125
1716.1978125
1597.415625
1578.98390625
1574.88796875
1757.1571875
1851.36375
1734.62953125
1648.61484375
1785.82875
1742.82140625
1587.17578125
1644.51890625
1755.10921875
1751.01328125
1646.566875
1681.38234375
1734.62953125
1685.47828125
1660.90265625
1681.38234375
1644.51890625
1769.445
1697.76609375
1662.950625
1736.6775
1802.2125
1753.06125
1722.34171875
1705.95796875
1654.75875
1763.30109375
1660.90265625
1597.415625
1732.5815625
1779.68484375
1513.44890625
1662.950625
1658.8546875
1632.23109375
1736.6775
1640.42296875
1744.869375
1587.17578125
1656.80671875
1728.485625
1779.68484375
1664.99859375
1685.47828125
1619.94328125
1687.52625
1615.84734375
1566.69609375
1736.6775
1636.32703125
1787.87671875
1787.87671875
1681.38234375
1728.485625
1738.72546875
1607.65546875
1714.14984375
1640.42296875
1693.67015625
1632.23109375
1734.62953125
1695.718125
1669.09453125
1863.6515625
1591.27171875
1636.32703125
1728.485625
1615.84734375
1630.183125
1660.90265625
1601.5115625
1742.82140625
1669.09453125
1710.05390625
1689.57421875
1802.2125
1783.78078125
1632.23109375
1710.05390625
1703.91
1644.51890625
1851.36375
1650.6628125
1576.9359375
1746.91734375
1810.404375
1695.718125
1660.90265625
1732.5815625
1746.91734375
1767.39703125
1626.0871875
1566.69609375
1611.75140625
1765.3490625
1730.53359375
1791.97265625
1726.43765625
1621.99125
1683.4303125
1740.7734375
1572.84
1609.7034375
1607.65546875
1619.94328125
1685.47828125
1779.68484375
1699.8140625
1712.101875
1787.87671875
1714.14984375
1646.566875
1664.99859375
1705.95796875
1720.29375
1716.1978125
1644.51890625
1671.1425
1742.82140625
1603.55953125
1669.09453125
1566.69609375
1703.91
1689.57421875
1742.82140625
1689.57421875
1689.57421875
1804.26046875
1648.61484375
1591.27171875
1705.95796875
1710.05390625
1826.788125
1765.3490625
1626.0871875
1697.76609375
1632.23109375
1773.5409375
1685.47828125
1654.75875
1767.39703125
1779.68484375
1703.91
1542.12046875
1710.05390625
1630.183125
1671.1425
1744.869375
1730.53359375
1705.95796875
1785.82875
1646.566875
1636.32703125
1658.8546875
1800.16453125
1619.94328125
1736.6775
1679.334375
1728.485625
1689.57421875
1712.101875
1648.61484375
1769.445
1703.91
1783.78078125
1664.99859375
1619.94328125
1671.1425
1703.91
1587.17578125
1751.01328125
1697.76609375
1791.97265625
1673.19046875
1664.99859375
1607.65546875
1581.031875
1685.47828125
1632.23109375
1703.91
1726.43765625
1691.6221875
1695.718125
1693.67015625
1767.39703125
1697.76609375
1753.06125
1664.99859375
1677.28640625
1652.71078125
1619.94328125
1656.80671875
1746.91734375
1728.485625
1673.19046875
1693.67015625
1677.28640625
1767.39703125
1667.0465625
1638.375
1738.72546875
1646.566875
1697.76609375
1591.27171875
1779.68484375
1742.82140625
1671.1425
1650.6628125
1593.3196875
1681.38234375
1705.95796875
1826.788125
1605.6075
1751.01328125
1595.36765625
1621.99125
1671.1425
1685.47828125
1708.0059375
1642.4709375
1755.10921875
1626.0871875
1634.2790625
1669.09453125
1667.0465625
1748.9653125
1646.566875
1763.30109375
1691.6221875
1718.24578125
1734.62953125
1685.47828125
1859.555625
1726.43765625
1708.0059375
1619.94328125
1716.1978125
1746.91734375
1853.41171875
1681.38234375
1650.6628125
1812.45234375
1714.14984375
1568.7440625
1667.0465625
1681.38234375
1689.57421875
1726.43765625
1693.67015625
1734.62953125
1660.90265625
1624.03921875
1599.46359375
1648.61484375
1734.62953125
1802.2125
1615.84734375
1646.566875
1673.19046875
1699.8140625
1730.53359375
1712.101875
1726.43765625
1771.49296875
1714.14984375
1626.0871875
1564.648125
1738.72546875
1615.84734375
1621.99125
1761.253125
1662.950625
1841.12390625
1732.5815625
1722.34171875
1681.38234375
1683.4303125
1646.566875
1685.47828125
1632.23109375
1824.74015625
1632.23109375
1656.80671875
1681.38234375
1685.47828125
1701.86203125
1703.91
1697.76609375
1771.49296875
1681.38234375
1681.38234375
1675.2384375
1656.80671875
1644.51890625
1736.6775
1724.3896875
1705.95796875
1787.87671875
1656.80671875
1638.375
1861.60359375
1664.99859375
1718.24578125
1560.5521875
1775.58890625
1656.80671875
1695.718125
1748.9653125
1720.29375
1677.28640625
1644.51890625
1826.788125
1605.6075
1730.53359375
1814.5003125
1751.01328125
1822.6921875
1816.54828125
1763.30109375
1628.13515625
1736.6775
1753.06125
1662.950625
1726.43765625
1755.10921875
1796.06859375
1773.5409375
1726.43765625
1664.99859375
1664.99859375
1624.03921875
1634.2790625
1771.49296875
1779.68484375
1716.1978125
1691.6221875
1787.87671875
1726.43765625
1751.01328125
1656.80671875
1695.718125
1689.57421875
1740.7734375
1726.43765625
1726.43765625
1857.50765625
1779.68484375
1761.253125
1757.1571875
1783.78078125
1730.53359375
1824.74015625
1710.05390625
1730.53359375
1753.06125
1769.445
1853.41171875
1773.5409375
1722.34171875
1759.20515625
1763.30109375
1697.76609375
1732.5815625
1771.49296875
1689.57421875
1738.72546875
1726.43765625
1759.20515625
1744.869375
1787.87671875
1802.2125
1761.253125
1769.445
1671.1425
1832.93203125
1640.42296875
1714.14984375
1681.38234375
1779.68484375
1753.06125
1685.47828125
1755.10921875
1757.1571875
1849.31578125
1705.95796875
1820.64421875
1828.83609375
1652.71078125
1730.53359375
1820.64421875
1826.788125
1779.68484375
1755.10921875
1744.869375
1746.91734375
1798.1165625
1746.91734375
1837.02796875
1888.2271875
1640.42296875
1849.31578125
1767.39703125
1820.64421875
1734.62953125
1802.2125
1867.7475
1845.21984375
1681.38234375
1814.5003125
1767.39703125
1875.939375
1757.1571875
1822.6921875
1732.5815625
1730.53359375
1763.30109375
1834.98
1781.7328125
1726.43765625
1822.6921875
1728.485625
1812.45234375
1767.39703125
1767.39703125
1730.53359375
1806.3084375
1912.8028125
1808.35640625
1771.49296875
1724.3896875
1802.2125
1859.555625
1798.1165625
1802.2125
1828.83609375
1755.10921875
1931.23453125
1837.02796875
1812.45234375
1771.49296875
1900.515
1902.56296875
1751.01328125
1755.10921875
1880.0353125
1732.5815625
1892.323125
1769.445
1802.2125
1843.171875
1808.35640625
1832.93203125
1841.12390625
1890.27515625
1898.46703125
1779.68484375
1886.17921875
1894.37109375
1728.485625
1880.0353125
1808.35640625
1781.7328125
1880.0353125
1681.38234375
1834.98
1763.30109375
1849.31578125
1857.50765625
1886.17921875
1847.2678125
1837.02796875
1849.31578125
1832.93203125
1841.12390625
1855.4596875
1933.2825
1882.08328125
1894.37109375
2021.34515625
1779.68484375
1865.69953125
1824.74015625
1947.61828125
1869.79546875
2029.53703125
1808.35640625
1839.0759375
1904.6109375
1941.474375
1884.13125
1910.75484375
1900.515
1814.5003125
1853.41171875
1912.8028125
2047.96875
1982.43375
1923.04265625
1931.23453125
1945.5703125
1961.9540625
1888.2271875
1968.09796875
1980.38578125
2009.05734375
1984.48171875
1959.90609375
1920.9946875
1882.08328125
1918.94671875
1943.52234375
1978.3378125
1937.3784375
2015.20125
1834.98
1849.31578125
1890.27515625
1912.8028125
2009.05734375
1959.90609375
1939.42640625
1949.66625
1822.6921875
1861.60359375
2002.9134375
2002.9134375
2045.92078125
1941.474375
1902.56296875
2164.70296875
1984.48171875
1974.241875
1910.75484375
2070.49640625
1984.48171875
1943.52234375
1904.6109375
2047.96875
2086.88015625
1992.67359375
2047.96875
1982.43375
2019.2971875
1910.75484375
1972.19390625
1916.89875
2097.12
2031.585
2039.776875
2117.5996875
2052.0646875
1890.27515625
2025.44109375
2017.24921875
1906.65890625
2039.776875
2035.6809375
1964.00203125
2009.05734375
2066.40046875
2121.695625
1992.67359375
2054.11265625
2025.44109375
2131.93546875
2056.160625
2043.8728125
1953.7621875
2056.160625
2045.92078125
2136.03140625
2041.82484375
2054.11265625
2088.928125
2054.11265625
2123.74359375
2043.8728125
2076.6403125
2146.27125
2082.78421875
2131.93546875
2209.75828125
2140.12734375
1941.474375
2078.68828125
2222.04609375
2242.52578125
2129.8875
2066.40046875
2189.27859375
2062.30453125
2090.97609375
2138.079375
2199.5184375
2148.31921875
2072.544375
2195.4225
2121.695625
2187.230625
2119.64765625
2230.23796875
2123.74359375
2133.9834375
2131.93546875
2258.90953125
2121.695625
2318.300625
2166.7509375
2263.00546875
2140.12734375
2179.03875
2181.08671875
2156.51109375
2121.695625
2285.533125
2258.90953125
2275.29328125
2213.85421875
2291.67703125
2146.27125
2226.14203125
2176.99078125
2205.66234375
2254.81359375
2158.5590625
2271.19734375
2295.77296875
2191.3265625
2197.47046875
2238.42984375
2281.4371875
2303.96484375
2230.23796875
2252.765625
2299.86890625
2115.55171875
2287.58109375
2222.04609375
2287.58109375
2328.54046875
2303.96484375
2344.92421875
2336.73234375
2295.77296875
2381.78765625
2252.765625
2349.02015625
2326.4925
2301.916875
2316.25265625
2293.725
2254.81359375
2187.230625
2326.4925
2355.1640625
2318.300625
2322.3965625
2410.45921875
2363.3559375
2426.84296875
2418.65109375
2365.40390625
2365.40390625
2308.06078125
2394.07546875
2359.26
2396.1234375
2369.49984375
2344.92421875
2406.36328125
2400.219375
2410.45921875
2435.03484375
2312.15671875
2213.85421875
2521.04953125
2410.45921875
2373.59578125
2484.18609375
2439.13078125
2459.61046875
2422.74703125
2443.22671875
2443.22671875
2488.28203125
2396.1234375
2410.45921875
2404.3153125
2361.30796875
2467.80234375
2326.4925
2500.56984375
2584.5365625
2519.0015625
2394.07546875
2457.5625
2383.835625
2394.07546875
2402.26734375
2426.84296875
2537.43328125
2467.80234375
2555.865
2549.72109375
2492.37796875
2496.47390625
2596.824375
2465.754375
2406.36328125
2592.7284375
2461.6584375
2664.40734375
2662.359375
2504.66578125
2553.81703125
2521.04953125
2643.92765625
2660.31140625
2627.54390625
2500.56984375
2469.8503125
2432.986875
2707.4146875
2553.81703125
2506.71375
2615.25609375
2527.1934375
2566.10484375
2564.056875
2574.29671875
2576.3446875
2482.138125
2699.2228125
2506.71375
2668.50328125
2570.20078125
2580.440625
2578.39265625
2705.36671875
2680.79109375
2664.40734375
2545.62515625
2580.440625
2600.9203125
2615.25609375
2607.06421875
2617.3040625
2723.7984375
2578.39265625
2547.673125
2635.73578125
2609.1121875
2738.13421875
2686.935
2623.44796875
2625.4959375
2693.07890625
2691.0309375
2592.7284375
2750.42203125
2738.13421875
2770.90171875
2594.77640625
2774.99765625
2779.09359375
2623.44796875
2779.09359375
2729.94234375
2744.278125
2768.85375
2754.51796875
2752.47
2705.36671875
2799.57328125
2774.99765625
2777.045625
2891.731875
2801.62125
2717.65453125
2795.47734375
2785.2375
2721.75046875
2848.72453125
2795.47734375
2795.47734375
2770.90171875
2840.53265625
2852.82046875
2828.24484375
2928.5953125
2752.47
2916.3075
2985.9384375
2901.97171875
2832.34078125
2734.03828125
2856.91640625
2793.429375
2934.73921875
2975.69859375
2838.4846875
2992.08234375
2981.8425
2963.41078125
2811.86109375
2861.01234375
2957.266875
2990.034375
2961.3628125
2807.76515625
2879.4440625
2875.348125
3008.46609375
3008.46609375
2885.58796875
2774.99765625
2854.8684375
2985.9384375
2992.08234375
2887.6359375
2906.06765625
3030.99375
2949.075
2820.05296875
2955.21890625
3049.42546875
2979.79453125
2840.53265625
3039.185625
3039.185625
2955.21890625
3012.56203125
2861.01234375
3030.99375
3104.720625
3033.04171875
3022.801875
3016.65796875
3069.90515625
3147.72796875
3065.80921875
2998.22625
3096.52875
3147.72796875
3030.99375
3164.11171875
3004.37015625
3133.3921875
3033.04171875
3078.09703125
3041.23359375
3155.91984375
3172.30359375
3012.56203125
3069.90515625
3139.53609375
3047.3775
3219.406875
3127.24828125
3221.45484375
3018.7059375
3180.49546875
3114.96046875
3180.49546875
3241.93453125
3184.59140625
3237.83859375
3274.70203125
3405.77203125
3297.2296875
3229.64671875
3141.5840625
3309.5175
3401.67609375
3286.98984375
3387.3403125
3184.59140625
3278.79796875
3299.27765625
3426.25171875
3237.83859375
3434.44359375
3325.90125
3278.79796875
3448.779375
3438.53953125
3358.66875
3442.63546875
3268.558125
3385.29234375
3327.94921875
3327.94921875
3385.29234375
3499.97859375
3454.92328125
3391.43625
3467.21109375
3475.40296875
3549.12984375
3579.849375
3493.8346875
3524.55421875
3456.97125
3610.56890625
3571.6575
3463.11515625
3489.73875
3350.476875
3575.7534375
3590.08921875
3485.6428125
3612.616875
3520.45828125
3588.04125
3694.535625
3688.39171875
3626.95265625
3639.24046875
3792.838125
3661.768125
3667.91203125
3608.5209375
3649.4803125
3850.18125
3809.221875
3737.54296875
3629.000625
3604.425
3702.7275
3950.53171875
3794.88609375
3712.96734375
3760.070625
3667.91203125
3631.04859375
3741.63890625
3817.41375
3803.07796875
3833.7975
3835.84546875
3770.31046875
3805.1259375
3674.0559375
3858.373125
3907.524375
3780.5503125
3700.67953125
3655.62421875
3966.91546875
3852.22921875
3811.26984375
4028.35453125
3719.11125
3733.44703125
3917.76421875
3940.291875
3942.33984375
3696.58359375
3844.03734375
3950.53171875
3864.51703125
3868.61296875
3973.059375
3940.291875
3923.908125
3884.99671875
4093.88953125
4081.60171875
3948.48375
3971.01140625
3938.24390625
3880.90078125
4003.77890625
4120.513125
3938.24390625
3928.0040625
3999.68296875
4065.21796875
4007.87484375
4061.12203125
4089.79359375
4140.9928125
4134.84890625
4151.23265625
4249.53515625
4063.17
3864.51703125
4278.20671875
4095.9375
3975.10734375
4204.47984375
4108.2253125
4091.8415625
4310.97421875
4143.04078125
4339.64578125
4298.68640625
4241.34328125
4327.35796875
4425.66046875
4343.74171875
4413.37265625
4368.31734375
4151.23265625
4376.50921875
4351.93359375
4239.2953125
4327.35796875
4227.0075
4437.94828125
4394.9409375
4390.845
4245.43921875
4425.66046875
4612.025625
4333.501875
4655.03296875
4513.723125
4566.9703125
4601.78578125
4650.93703125
4724.66390625
4695.99234375
4782.00703125
4665.2728125
4560.82640625
4833.20625
4521.915
4589.49796875
4800.43875
4700.08828125
4589.49796875
4908.98109375
4695.99234375
4693.944375
4790.19890625
4966.32421875
4818.87046875
4810.67859375
5040.05109375
5005.235625
5054.386875
5162.92921875
5162.92921875
5314.47890625
5195.69671875
5289.90328125
5111.73
5359.53421875
5398.445625
5240.75203125
5349.294375
5265.32765625
5492.6521875
5455.78875
5357.48625
5425.06921875
5572.52296875
5693.353125
5691.30515625
5339.05453125
5658.53765625
5611.434375
5732.26453125
5777.31984375
5642.15390625
5758.888125
6014.88421875
5779.3678125
5906.341875
5973.92484375
5982.11671875
6104.99484375
5939.109375
6137.76234375
6211.48921875
6268.83234375
6371.23078125
6293.40796875
6236.06484375
6299.551875
6395.80640625
6512.540625
6496.156875
6397.854375
6541.2121875
6670.23421875
6545.308125
6834.07171875
6895.51078125
6606.7471875
6938.518125
6825.87984375
6930.32625
7296.91265625
6838.16765625
7217.041875
7174.03453125
7239.56953125
7333.77609375
7221.1378125
7309.20046875
7526.28515625
7462.798125
7432.07859375
7796.61703125
7589.7721875
7907.20734375
7681.93078125
7755.65765625
7708.554375
7815.04875
7847.81625
7905.159375
8128.38796875
8013.70171875
8300.41734375
8224.6425
8142.72375
8247.17015625
8204.1628125
8275.84171875
8273.79375
8673.14765625
8365.95234375
8365.95234375
8484.73453125
8658.811875
8654.7159375
8716.155
8691.579375
8796.02578125
8943.47953125
8914.80796875
9103.22109375
9082.74140625
8998.7746875
9144.18046875
9338.7375
9185.13984375
9430.89609375
9256.81875
9183.091875
9496.43109375
9348.97734375
9553.77421875
9607.02140625
9699.18
9729.89953125
9658.220625
9641.836875
9602.92546875
9568.11
9750.37921875
9584.49375
9867.1134375
10190.6925
9875.3053125
9987.94359375
10086.24609375
10295.13890625
10135.39734375
10121.0615625
10418.01703125
10262.37140625
10534.75125
10303.33078125
10504.03171875
10800.9871875
10780.5075
10708.82859375
10655.58140625
10663.77328125
10633.05375
10825.5628125
10776.4115625
10755.931875
10821.466875
10815.32296875
10829.65875
10925.91328125
11126.61421875
11034.455625
11218.7728125
10891.0978125
11265.87609375
11085.65484375
11186.0053125
11388.75421875
11280.211875
11358.0346875
11417.42578125
11376.46640625
11468.625
11351.89078125
11544.39984375
11478.86484375
11499.34453125
11437.90546875
11765.58046875
11632.4625
11775.8203125
11833.1634375
11605.83890625
11790.15609375
11923.2740625
11958.08953125
12087.1115625
11884.36265625
11896.65046875
11976.52125
12011.33671875
12361.539375
12126.02296875
12308.2921875
12322.62796875
12074.82375
12371.77921875
12250.9490625
12492.609375
12193.6059375
12341.0596875
12437.31421875
12465.98578125
12525.376875
12445.50609375
12492.609375
12592.95984375
12558.144375
12683.07046875
12658.49484375
12502.84921875
12580.67203125
12764.98921875
12617.53546875
12799.8046875
12875.57953125
12791.6128125
12781.37296875
13002.55359375
12861.24375
13131.575625
13141.81546875
12965.69015625
13293.36515625
13100.85609375
13240.11796875
13215.54234375
13424.43515625
13500.21
13301.55703125
13410.099375
13205.3025
13399.85953125
13440.81890625
13526.83359375
13676.3353125
13635.3759375
13903.65984375
13723.43859375
13733.6784375
14001.96234375
13647.66375
13834.02890625
13825.83703125
13977.38671875
13946.6671875
14098.216875
13911.85171875
14186.27953125
14092.07296875
14212.903125
14128.93640625
14511.9065625
14516.0025
14391.07640625
14583.58546875
14534.43421875
14485.28296875
14647.0725
14583.58546875
14716.7034375
14802.718125
14817.05390625
15019.8028125
15005.46703125
14778.1425
14870.30109375
15398.67703125
15023.89875
14964.50765625
15187.73625
15058.71421875
15167.2565625
15474.451875
15329.04609375
15460.11609375
15621.905625
15554.32265625
15548.17875
15810.31875
15632.14546875
15892.2375
15709.96828125
15918.86109375
15998.731875
16232.2003125
15755.02359375
16301.83125
16242.44015625
16224.0084375
16324.35890625
16295.68734375
16639.74609375
16658.1778125
16703.233125
16801.535625
16885.50234375
16760.57625
17088.25125
16824.06328125
16756.4803125
17202.9375
17053.43578125
17071.8675
17161.978125
17133.3065625
17194.745625
17250.04078125
17176.31390625
17264.3765625
17497.845
17196.79359375
17274.61640625
17454.83765625
17688.30609375
17477.3653125
17835.75984375
17528.56453125
17530.6125
17921.77453125
18130.66734375
17858.2875
17997.549375
17911.5346875
17907.43875
17952.4940625
17952.4940625
18134.76328125
17780.4646875
18005.74125
17989.3575
17901.29484375
17970.92578125
17809.13625
18001.6453125
18386.6634375
18396.90328125
18091.7559375
18542.3090625
18224.87390625
18677.475
18308.840625
18228.96984375
18579.1725
18243.305625
18388.71140625
18231.0178125
18050.7965625
18415.335
18360.03984375
18325.224375
18505.445625
18456.294375
18390.759375
18435.8146875
18462.43828125
18423.526875
18392.80734375
18544.35703125
18579.1725
18747.1059375
18253.54546875
18319.08046875
18398.95125
18368.23171875
18540.26109375
18392.80734375
18908.89546875
18652.899375
18511.58953125
18517.7334375
18630.37171875
18605.79609375
18710.2425
18718.434375
18353.8959375
18734.818125
18577.12453125
18646.75546875
18824.92875
18876.12796875
18833.120625
18607.8440625
18896.60765625
18511.58953125
18773.72953125
18667.23515625
18634.46765625
18751.201875
18579.1725
18843.36046875
18669.283125
18966.23859375
18761.44171875
18986.71828125
19121.88421875
19046.109375
18939.615
18923.23125
18974.43046875
18964.190625
19248.85828125
19306.20140625
18835.16859375
19338.96890625
19232.47453125
19091.1646875
19214.0428125
19467.9909375
19371.73640625
19220.18671875
19224.28265625
19328.7290625
19476.1828125
19171.03546875
19459.7990625
19640.0203125
19392.21609375
19715.79515625
19402.4559375
19412.69578125
19711.69921875
19398.36
19648.2121875
19474.13484375
19476.1828125
19674.83578125
19527.38203125
19826.38546875
19611.34875
19652.308125
19736.27484375
19752.65859375
19900.11234375
19799.761875
19807.95375
19914.448125
20104.90921875
20018.89453125
19846.86515625
20041.4221875
19810.00171875
20467.3996875
20061.901875
20283.0825
20149.96453125
20453.06390625
20254.4109375
20111.053125
20350.66546875
20178.63609375
20358.85734375
20299.46625
20588.22984375
20405.960625
20532.9346875
20700.868125
20610.7575
20676.2925
20590.2778125
20711.10796875
20938.4325
20780.73890625
20825.79421875
20620.99734375
20502.21515625
20862.65765625
20983.4878125
20592.32578125
20768.45109375
21331.6425
20541.1265625
21313.21078125
21116.60578125
21298.875
21089.9821875
20971.2
21096.12609375
21262.0115625
21051.07078125
21384.8896875
21321.40265625
21518.00765625
21360.3140625
21302.9709375
21282.49125
21466.8084375
21223.10015625
21399.22546875
21374.64984375
21870.25828125
21501.62390625
21573.3028125
21370.55390625
21595.83046875
21464.76046875
21714.61265625
21350.07421875
21984.94453125
21530.29546875
21855.9225
22148.78203125
22228.6528125
22118.0625
21659.3175
22118.0625
22175.405625
22308.52359375
22351.5309375
22126.254375
22265.51625
22062.76734375
22392.4903125
22193.83734375
22142.638125
22247.08453125
22199.98125
22400.6821875
22443.68953125
22357.67484375
22447.78546875
22564.5196875
22519.464375
22482.6009375
22503.080625
22519.464375
22496.93671875
22476.45703125
22580.9034375
22574.75953125
23010.976875
22812.32390625
22716.069375
22881.95484375
23121.5671875
22920.86625
23316.12421875
23025.31265625
23275.16484375
23205.53390625
23432.8584375
23010.976875
23301.7884375
23287.45265625
23316.12421875
23135.90296875
22912.674375
23047.8403125
23295.64453125
22933.1540625
23412.37875
23240.349375
23522.9690625
23584.408125
23365.27546875
23672.47078125
23639.70328125
23799.44484375
23500.44140625
23697.04640625
24037.00921875
23572.1203125
23940.7546875
23688.85453125
23934.61078125
23684.75859375
23781.013125
23891.6034375
23979.66609375
23463.57796875
24254.09390625
23805.58875
24331.91671875
23977.618125
24045.20109375
23688.85453125
24080.0165625
24272.525625
24452.746875
24374.9240625
24047.2490625
24100.49625
24594.05671875
24159.88734375
24475.27453125
24034.96125
24483.46640625
24530.5696875
24417.93140625
24563.3371875
24344.20453125
24409.73953125
24624.77625
24493.70625
24589.96078125
24426.12328125
24712.83890625
24508.04203125
24817.2853125
24886.91625
24569.48109375
24612.4884375
24884.86828125
24546.9534375
25054.8496875
24901.25203125
24987.26671875
24684.16734375
24622.72828125
24667.78359375
25175.67984375
24921.73171875
25050.75375
24876.67640625
24809.0934375
24970.88296875
25054.8496875
24921.73171875
25173.631875
24913.53984375
25388.66859375
25464.4434375
24690.31125
25552.50609375
25368.18890625
25243.2628125
25362.045
24876.67640625
25282.17421875
25257.59859375
25161.3440625
25116.28875
25446.01171875
25194.1115625
25214.59125
25384.57265625
25775.7346875
25548.41015625
25427.58
25654.90453125
25570.9378125
25216.63921875
25441.91578125
25669.2403125
25747.063125
25130.62453125
25513.5946875
25863.79734375
25769.59078125
25738.87125
25943.668125
25370.236875
25863.79734375
25529.9784375
25673.33625
25976.435625
25716.34359375
25777.78265625
25613.94515625
25736.82328125
26340.9740625
26201.7121875
25984.6275
26111.6015625
25906.8046875
25861.749375
26033.77875
25910.900625
26308.2065625
26146.41703125
26052.21046875
25966.19578125
26033.77875
26408.55703125
26144.3690625
26451.564375
26273.39109375
26160.7528125
26513.0034375
26330.73421875
26488.4278125
26134.12921875
26267.2471875
26402.413125
26433.13265625
26443.3725
26381.9334375
26529.3871875
26517.099375
26295.91875
26627.6896875
26472.0440625
26764.90359375
26390.1253125
26674.79296875
26662.50515625
26713.704375
26746.471875
26504.8115625
27094.6265625
26443.3725
26463.8521875
26566.250625
26875.49390625
27117.15421875
26869.35
27450.973125
27166.30546875
27291.2315625
26781.28734375
27055.71515625
27156.065625
27057.763125
27100.77046875
27348.5746875
27342.43078125
27485.78859375
27045.4753125
27203.16890625
27072.09890625
27113.05828125
27381.3421875
27219.55265625
27205.216875
27242.0803125
27645.53015625
27438.6853125
27719.25703125
27643.4821875
28091.98734375
27922.0059375
27467.356875
28053.0759375
27725.4009375
28208.7215625
27555.41953125
28151.3784375
27719.25703125
28118.6109375
28245.585
28014.16453125
28358.22328125
28290.6403125
28085.8434375
28812.87234375
28583.49984375
28544.5884375
28530.25265625
29042.24484375
28663.370625
28782.1528125
29140.54734375
29345.34421875
29128.25953125
28870.21546875
28757.5771875
29191.7465625
29101.6359375
29886.00796875
29249.0896875
29328.96046875
29171.266875
29763.12984375
29095.49203125
30115.38046875
29982.2625
30199.3471875
29900.34375
30178.8675
30170.675625
30178.8675
30178.8675
30205.49109375
29967.92671875
30430.76765625
30092.8528125
30762.53859375
30455.34328125
31075.8778125
30803.49796875
31059.4940625
30801.45
31075.8778125
31002.1509375
31710.748125
31110.69328125
31352.35359375
30998.055
31559.1984375
31712.79609375
31565.34234375
31405.60078125
31966.74421875
31292.9625
31809.050625
31475.23171875
31989.271875
31774.23515625
32302.61109375
31878.6815625
32265.74765625
32232.98015625
32044.56703125
31610.39765625
32026.1353125
31520.28703125
32347.66640625
31686.1725
31956.504375
31456.8
31741.46765625
31602.20578125
31899.16125
31794.71484375
32288.2753125
31780.3790625
32091.6703125
31616.5415625
31589.91796875
31841.818125
31387.1690625
31665.6928125
31727.131875
31503.90328125
31870.4896875
31594.01390625
31755.8034375
31720.98796875
31753.75546875
31313.4421875
31718.94
31372.83328125
31624.7334375
31669.78875
31342.11375
31430.17640625
31686.1725
31233.57140625
31469.0878125
31235.619375
31512.09515625
30735.915
31485.4715625
31278.62671875
31299.10640625
31110.69328125
31438.36828125
30938.66390625
31659.54890625
30848.55328125
31184.42015625
30959.14359375
31223.3315625
31165.9884375
31190.5640625
31120.933125
31430.17640625
31426.08046875
31460.8959375
30797.3540625
31352.35359375
31151.65265625
31108.6453125
31084.0696875
31325.73
30817.83375
31327.77796875
30809.641875
30928.4240625
30981.67125
31424.0325
31041.06234375
30879.2728125
30924.328125
31387.1690625
30864.93703125
31082.02171875
30934.56796875
31174.1803125
30846.5053125
31112.74125
30934.56796875
30742.05890625
31018.5346875
30866.985
30862.8890625
30674.4759375
30928.4240625
30846.5053125
30803.49796875
31217.18765625
30965.2875
30619.18078125
30944.8078125
30873.12890625
31079.97375
30914.08828125
31002.1509375
30508.59046875
31237.66734375
30658.0921875
30678.571875
31004.19890625
30832.16953125
30985.7671875
30373.42453125
30850.60125
30619.18078125
30811.68984375
30805.5459375
31223.3315625
30453.2953125
30694.955625
30793.258125
30414.38390625
30481.966875
31344.16171875
31034.9184375
31122.98109375
30498.350625
30678.571875
30871.0809375
31249.95515625
30645.804375
30711.339375
30957.095625
30836.26546875
30963.23953125
31084.0696875
30924.328125
30676.52390625
30600.7490625
30817.83375
30727.723125
30492.20671875
30590.50921875
31024.67859375
30713.38734375
30897.70453125
30940.711875
30588.46125
31092.2615625
30811.68984375
31413.79265625
30938.66390625
30637.6125
30879.2728125
30606.89296875
31045.15828125
30729.77109375
30731.8190625
30527.0221875
30981.67125
30975.52734375
30813.7378125
31213.09171875
30914.08828125
30449.199375
30854.6971875
30543.4059375
30821.9296875
30932.52
30834.2175
31098.40546875
31079.97375
31157.7965625
30795.30609375
30436.9115625
30662.188125
30932.52
30484.01484375
30365.23265625
30918.18421875
30615.08484375
30572.0775
30805.5459375
31034.9184375
30971.43140625
30424.62375
30987.81515625
30866.985
30971.43140625
30785.06625
30918.18421875
30750.25078125
30514.734375
30830.1215625
30674.4759375
31051.3021875
30694.955625
30600.7490625
30246.45046875
30398.00015625
30674.4759375
31088.165625
30668.33203125
31069.73390625
30404.1440625
30604.845
30977.5753125
30985.7671875
30817.83375
30647.85234375
30228.01875
31063.59
30463.53515625
30846.5053125
30729.77109375
30635.56453125
30926.37609375
30748.2028125
30666.2840625
30883.36875
30617.1328125
30754.34671875
30553.64578125
30756.3946875
30240.3065625
30817.83375
30285.361875
30535.2140625
30459.43921875
30524.97421875
30430.76765625
30557.74171875
30346.8009375
30912.0403125
30332.46515625
30723.6271875
30860.84109375
30717.48328125
30506.5425
30621.22875
30875.176875
30819.88171875
30201.39515625
30623.27671875
30516.78234375
30649.9003125
30352.94484375
30684.71578125
30467.63109375
30672.42796875
30113.3325
30678.571875
30379.5684375
30699.0515625
30619.18078125
30850.60125
30717.48328125
30742.05890625
30797.3540625
30846.5053125
30998.055
30656.04421875
30864.93703125
30826.025625
30805.5459375
30559.7896875
30375.4725
30873.12890625
30381.61640625
30858.793125
30516.78234375
30705.19546875
30586.41328125
30883.36875
30502.4465625
30666.2840625
30522.92625
30713.38734375
30297.6496875
30723.6271875
30809.641875
30797.3540625
30721.57921875
30283.31390625
30441.0075
30746.15484375
30221.87484375
30602.79703125
30602.79703125
30813.7378125
30795.30609375
31082.02171875
30316.08140625
30535.2140625
30549.54984375
30498.350625
30379.5684375
30600.7490625
30387.7603125
30740.0109375
30105.140625
30467.63109375
30506.5425
30756.3946875
30322.2253125
30848.55328125
30524.97421875
30461.4871875
30182.9634375
30715.4353125
30508.59046875
31075.8778125
30783.01828125
30467.63109375
30273.0740625
30793.258125
30176.81953125
30459.43921875
30391.85625
30361.13671875
30443.05546875
30725.67515625
30377.52046875
30711.339375
30174.7715625
30277.17
30469.6790625
30236.210625
30531.118125
30193.20328125
30537.26203125
30457.39125
30627.37265625
30553.64578125
30428.7196875
30584.3653125
30508.59046875
30889.51265625
30660.14015625
30963.23953125
30885.41671875
30936.6159375
31104.549375
30789.1621875
30600.7490625
31004.19890625
30768.6825
30893.60859375
31413.79265625
30883.36875
30357.04078125
31053.35015625
30766.63453125
30975.52734375
31069.73390625
31030.8225
30590.50921875
30590.50921875
30711.339375
30639.66046875
30658.0921875
30938.66390625
30680.61984375
30799.40203125
30520.87828125
30936.6159375
30848.55328125
31055.398125
30993.9590625
30991.91109375
30631.46859375
30699.0515625
30758.44265625
30961.1915625
30451.24734375
30985.7671875
30385.71234375
30881.32078125
30965.2875
31026.7265625
31229.47546875
30815.78578125
30772.7784375
30983.71921875
30541.35796875
31065.63796875
30703.1475
30443.05546875
30885.41671875
30500.39859375
30793.258125
30752.29875
30860.84109375
31108.6453125
30930.47203125
31090.21359375
30594.60515625
31168.03640625
30729.77109375
30498.350625
30682.6678125
30944.8078125
30649.9003125
30893.60859375
31249.95515625
31000.10296875
30733.86703125
31194.66
30570.02953125
30952.9996875
30494.2546875
30627.37265625
30635.56453125
30705.19546875
30912.0403125
30823.97765625
30916.13625
30846.5053125
30776.874375
30952.9996875
30936.6159375
30860.84109375
30987.81515625
30805.5459375
30332.46515625
30971.43140625
30912.0403125
30584.3653125
30576.1734375
30637.6125
30559.7896875
30604.845
30936.6159375
30989.863125
30234.16265625
30631.46859375
30422.57578125
30506.5425
30346.8009375
30641.7084375
30658.0921875
30860.84109375
30531.118125
30551.5978125
30076.4690625
30598.70109375
30391.85625
30559.7896875
30465.583125
30631.46859375
30625.3246875
30613.036875
30451.24734375
30377.52046875
30320.17734375
30578.22140625
30195.25125
30621.22875
30461.4871875
30717.48328125
30621.22875
30451.24734375
30606.89296875
30510.6384375
30344.75296875
30617.1328125
30481.966875
30733.86703125
30756.3946875
30260.78625
30613.036875
30412.3359375
30735.915
29939.25515625
30060.0853125
30668.33203125
30391.85625
30346.8009375
30365.23265625
30723.6271875
30305.8415625
30430.76765625
30453.2953125
30010.9340625
30131.76421875
30498.350625
29976.11859375
30434.86359375
30217.77890625
30430.76765625
30320.17734375
29961.7828125
30045.74953125
30436.9115625
29912.6315625
30299.69765625
29822.5209375
30299.69765625
30223.9228125
30012.98203125
29853.24046875
30660.14015625
30168.62765625
30520.87828125
30158.3878125
30201.39515625
30182.9634375
29822.5209375
29943.35109375
29982.2625
29750.84203125
29662.779375
30113.3325
30178.8675
29828.66484375
29791.80140625
29615.67609375
29724.2184375
29548.093125
29756.9859375
29339.2003125
29517.37359375
29361.72796875
29754.93796875
29224.5140625
29496.89390625
29271.61734375
29019.7171875
29048.38875
29070.91640625
29314.6246875
29316.67265625
29228.61
29302.336875
29134.4034375
29171.266875
29148.73921875
28874.31140625
28884.55125
29027.9090625
29023.813125
29232.7059375
28735.04953125
29460.03046875
28845.63984375
28847.6878125
29173.31484375
28599.88359375
28282.4484375
29279.80921875
28737.0975
28808.77640625
28448.33390625
28870.21546875
28589.64375
28665.41859375
28173.90609375
28833.35203125
28579.40390625
28675.6584375
28773.9609375
28554.82828125
28438.0940625
28382.79890625
28419.66234375
28872.2634375
27960.91734375
28726.85765625
28501.58109375
28888.6471875
28556.87625
28573.26
28026.45234375
28169.81015625
28618.3153125
28286.544375
28354.12734375
28509.77296875
28681.80234375
28847.6878125
28245.585
28331.5996875
28468.81359375
28390.99078125
28268.11265625
28415.56640625
28212.8175
28708.4259375
28450.381875
28118.6109375
28171.858125
28198.48171875
28497.48515625
28241.4890625
27962.9653125
28468.81359375
28270.160625
27977.30109375
28026.45234375
28186.19390625
27854.42296875
27893.334375
28032.59625
28247.63296875
27985.49296875
27801.17578125
28016.2125
28231.24921875
27995.7328125
28188.241875
27934.29375
28255.82484375
27618.9065625
28360.27125
27876.950625
28329.55171875
28030.54828125
27991.636875
27872.8546875
27602.5228125
27758.1684375
27782.7440625
27346.52671875
28341.83953125
27629.14640625
28067.41171875
27410.01375
27772.50421875
27256.41609375
27446.8771875
27754.0725
27610.7146875
27629.14640625
27440.73328125
27573.85125
27463.2609375
27659.8659375
27154.01765625
27676.2496875
27430.4934375
27395.67796875
27360.8625
27031.13953125
27295.3275
27323.9990625
27297.37546875
27209.3128125
27803.22375
27237.984375
27274.8478125
27172.449375
27455.0690625
27500.124375
27166.30546875
27080.29078125
27434.589375
27022.94765625
27510.36421875
26967.6525
27006.56390625
26992.228125
26979.9403125
26984.03625
26928.74109375
26754.66375
26830.43859375
26660.4571875
27059.81109375
26746.471875
26775.1434375
26510.95546875
26803.815
26220.14390625
26771.0475
26910.309375
27102.8184375
26646.12140625
26893.925625
26338.92609375
26754.66375
26281.58296875
26730.088125
26289.77484375
26682.98484375
26193.5203125
26343.02203125
26658.40921875
26316.3984375
26175.08859375
26429.03671875
25982.57953125
25831.02984375
26281.58296875
25958.00390625
25929.33234375
26117.74546875
26011.25109375
26089.07390625
25863.79734375
26027.63484375
26277.48703125
26228.33578125
26166.89671875
26230.38375
25931.3803125
25824.8859375
25900.66078125
25757.30296875
25771.63875
25640.56875
25525.8825
25640.56875
25673.33625
26062.4503125
25144.9603125
25601.65734375
25366.1409375
25566.841875
25124.480625
25497.2109375
25308.7978125
25507.45078125
25087.6171875
25497.2109375
25646.71265625
25245.31078125
25224.83109375
25476.73125
25087.6171875
25257.59859375
25175.67984375
25122.43265625
25308.7978125
25216.63921875
24946.30734375
25329.2775
25208.44734375
25202.3034375
25327.22953125
25206.399375
25087.6171875
25341.5653125
25030.2740625
25296.51
25329.2775
25282.17421875
25157.248125
25200.25546875
25110.14484375
25482.87515625
25151.10421875
25089.66515625
25259.6465625
25702.0078125
25443.96375
25484.923125
25730.679375
25538.1703125
25886.325
25917.04453125
25718.3915625
25980.5315625
26068.59421875
25931.3803125
26308.2065625
26257.00734375
26166.89671875
26848.8703125
26433.13265625
26707.56046875
26556.01078125
26650.21734375
26599.018125
26740.32796875
26936.93296875
27076.19484375
27147.87375
27258.4640625
27211.36078125
27549.275625
27479.6446875
27487.8365625
27014.75578125
27766.3603125
27549.275625
27668.0578125
27784.79203125
28243.53703125
28499.533125
27881.0465625
28048.98
28155.474375
28171.858125
28905.0309375
28104.27515625
28773.9609375
28130.89875
28603.97953125
29001.28546875
28839.4959375
28997.18953125
28667.4665625
28646.986875
28812.87234375
28735.04953125
29402.68734375
29023.813125
29484.60609375
29103.68390625
29537.85328125
29152.83515625
29599.29234375
29447.74265625
29187.650625
29460.03046875
29722.17046875
28886.59921875
29355.5840625
29281.8571875
29437.5028125
29228.61
29447.74265625
29591.10046875
29695.546875
29210.17828125
29564.476875
29464.12640625
29380.1596875
29576.7646875
29875.768125
29183.5546875
29183.5546875
29298.2409375
29279.80921875
29201.98640625
29331.0084375
28810.824375
29308.48078125
29095.49203125
29263.42546875
28714.56984375
29247.04171875
28956.23015625
28722.76171875
28513.86890625
29077.0603125
28806.7284375
29060.6765625
28515.916875
28810.824375
28372.5590625
28513.86890625
28284.49640625
28352.079375
27852.375
28563.02015625
27860.566875
27960.91734375
27858.51890625
27833.94328125
27711.06515625
27342.43078125
27442.78125
28032.59625
27706.96921875
27602.5228125
27125.34609375
27674.20171875
27031.13953125
27131.49
27178.59328125
26732.13609375
26916.45328125
26869.35
26934.885
26633.83359375
26893.925625
26527.33921875
25988.7234375
26318.44640625
26625.64171875
26617.44984375
26257.00734375
26300.0146875
26300.0146875
26013.2990625
25990.77140625
26310.25453125
25880.18109375
26025.586875
25554.5540625
25814.64609375
25560.69796875
25286.27015625
25110.14484375
25788.0225
25069.18546875
25013.8903125
25149.05625
25286.27015625
25239.166875
25026.178125
24960.643125
24841.8609375
25038.4659375
25104.0009375
24839.81296875
24706.695
24452.746875
24641.16
24573.57703125
24514.1859375
24389.25984375
24557.19328125
24379.02
24088.2084375
23912.083125
24174.223125
24153.7434375
24381.06796875
24200.84671875
24028.81734375
23533.20890625
23850.6440625
23543.44875
23602.83984375
23219.8696875
23766.67734375
23436.954375
23406.23484375
23375.5153125
23330.46
23453.338125
23348.89171875
23103.13546875
22879.906875
22943.39390625
23287.45265625
22740.645
22912.674375
23031.4565625
22840.99546875
22890.14671875
23084.70375
22759.07671875
22937.25
22750.88484375
22412.97
22632.10265625
22761.1246875
22283.94796875
22488.74484375
22214.31703125
22066.86328125
22417.0659375
22486.696875
21968.56078125
22089.3909375
22185.64546875
22441.6415625
22171.3096875
22228.6528125
22048.4315625
22105.7746875
22161.06984375
22136.49421875
21974.7046875
21952.17703125
21614.2621875
21962.416875
21841.58671875
21907.12171875
21827.2509375
21679.7971875
23127.71109375
21724.8525
21315.25875
21632.69390625
21407.41734375
21227.19609375
21116.60578125
21259.96359375
21241.531875
21010.11140625
21040.8309375
21319.3546875
21155.5171875
21051.07078125
21212.8603125
21159.613125
20952.76828125
21341.88234375
20639.4290625
20465.35171875
20686.53234375
20719.29984375
20457.15984375
21010.11140625
20709.06
20922.04875
20635.333125
20809.41046875
20850.36984375
20623.0453125
20498.11921875
20539.07859375
20264.65078125
20520.646875
20274.890625
20227.78734375
20160.204375
20332.23375
20522.69484375
20004.55875
19979.983125
20109.00515625
20100.81328125
20043.47015625
19820.2415625
20016.8465625
19994.31890625
19879.63265625
19975.8871875
19857.105
19691.21953125
19576.53328125
19705.5553125
19314.39328125
19750.610625
19664.5959375
19457.75109375
19543.76578125
19584.72515625
19330.77703125
19390.168125
19424.98359375
19091.1646875
19306.20140625
19414.74375
19420.88765625
19363.54453125
19338.96890625
19232.47453125
19320.5371875
19271.3859375
19201.755
18982.62234375
18882.271875
18857.69625
18738.9140625
18753.24984375
18687.71484375
18636.515625
18677.475
18734.818125
18540.26109375
18519.78140625
18661.09125
18484.9659375
18282.21703125
18314.98453125
18515.68546875
18269.92921875
18527.97328125
18374.375625
18603.748125
18261.73734375
18472.678125
18284.265
18171.62671875
18269.92921875
18061.03640625
18271.9771875
18263.7853125
18226.921875
18065.13234375
17673.9703125
18106.09171875
17905.39078125
17991.40546875
18058.9884375
18212.58609375
17913.58265625
17624.8190625
17872.62328125
17596.1475
17518.3246875
17889.00703125
17587.955625
17633.0109375
17452.7896875
17413.87828125
17604.339375
17342.199375
17352.43921875
17495.79703125
17624.8190625
17590.00359375
17393.39859375
17368.82296875
17159.93015625
17231.6090625
17024.76421875
17301.24
17422.07015625
16996.09265625
17213.17734375
17123.06671875
17321.7196875
16836.35109375
17239.8009375
17035.0040625
16996.09265625
16860.92671875
17102.58703125
16801.535625
16824.06328125
16953.0853125
16762.62421875
16770.81609375
16580.355
16623.36234375
16736.000625
16482.0525
16570.11515625
16641.7940625
16627.45828125
16772.8640625
16283.39953125
16793.34375
15994.6359375
16217.86453125
16383.75
16088.8425
16307.97515625
16252.68
15875.85375
16326.406875
16092.9384375
16436.9971875
15912.7171875
15916.813125
15982.348125
15927.05296875
16045.83515625
15744.78375
15707.9203125
15775.50328125
15785.743125
15431.44453125
15906.57328125
15681.29671875
15349.52578125
15691.5365625
15421.2046875
15716.1121875
15820.55859375
15759.11953125
15441.684375
15484.69171875
15468.30796875
15451.92421875
15279.89484375
15298.3265625
15525.65109375
15351.57375
15091.48171875
15228.695625
15005.46703125
15179.544375
15228.695625
15210.26390625
14903.06859375
15064.858125
14974.7475
14929.6921875
14874.39703125
14954.2678125
15079.19390625
14931.74015625
14911.26046875
14970.6515625
14837.53359375
14849.82140625
14804.76609375
14630.68875
14812.95796875
14733.0871875
14546.72203125
14581.5375
14587.68140625
14524.194375
14624.54484375
14731.03921875
14280.48609375
14616.35296875
14401.31625
14688.031875
14149.41609375
14450.4675
14284.58203125
14419.74796875
14190.37546875
14135.0803125
14223.14296875
14243.62265625
14151.4640625
14210.85515625
13920.04359375
13999.914375
14018.34609375
13901.611875
14059.30546875
13748.01421875
13938.4753125
13782.8296875
13758.2540625
13874.98828125
13932.33140625
13731.63046875
13936.42734375
13823.7890625
13592.36859375
13655.855625
13702.95890625
13651.7596875
13670.19140625
13584.17671875
13535.02546875
13698.86296875
13539.12140625
13625.13609375
13387.57171875
13297.46109375
13250.3578125
13369.14
13334.32453125
13465.39453125
13422.3871875
13309.74890625
12949.30640625
13410.099375
13123.38375
13279.029375
13178.67890625
12980.0259375
12896.05921875
13000.505625
13027.12921875
12844.86
12857.1478125
13037.3690625
12666.68671875
12642.11109375
13004.6015625
12652.3509375
12756.79734375
13018.93734375
12586.8159375
12613.43953125
12504.8971875
12721.981875
12777.27703125
12607.295625
12625.72734375
12394.306875
12418.8825
12648.255
12504.8971875
12541.760625
12470.08171875
12070.7278125
12433.21828125
12228.42140625
12089.15953125
12345.155625
12228.42140625
12121.92703125
12044.10421875
12085.06359375
12076.87171875
12126.02296875
12230.469375
11990.85703125
11861.835
12189.51
11786.06015625
11933.51390625
11931.4659375
11947.8496875
11755.340625
11865.9309375
11974.47328125
11741.00484375
11673.421875
11648.84625
11749.19671875
11476.816875
11544.39984375
11593.55109375
11464.5290625
11661.1340625
11476.816875
11407.1859375
11218.7728125
11339.60296875
11233.10859375
11210.5809375
11198.293125
11300.6915625
11360.08265625
11304.7875
11093.84671875
11038.5515625
11118.42234375
11077.46296875
11024.21578125
11077.46296875
10940.2490625
11067.223125
10837.850625
10747.74
10942.29703125
10753.88390625
10913.62546875
10753.88390625
10714.9725
10813.275
10710.8765625
10798.93921875
10743.6440625
10510.175625
10839.89859375
10573.66265625
10635.10171875
10526.559375
10596.1903125
10297.186875
10497.8878125
10551.135
10501.98375
10393.44140625
10413.92109375
10540.89515625
10288.995
10526.559375
10299.23484375
10379.105625
10098.53390625
10209.12421875
10288.995
10239.84375
10176.35671875
10182.500625
9967.46390625
10043.23875
9946.98421875
10108.77375
9975.65578125
9877.35328125
9877.35328125
10004.32734375
9895.785
9930.60046875
9791.33859375
9910.12078125
9768.8109375
9707.371875
9822.058125
9719.6596875
9621.3571875
9740.139375
9457.5196875
9684.84421875
9570.15796875
9693.03609375
9611.11734375
9463.66359375
9373.55296875
9475.95140625
9381.74484375
9361.26515625
9406.32046875
9344.88140625
9299.82609375
9303.92203125
9099.12515625
9340.78546875
9381.74484375
9168.75609375
9187.1878125
9119.60484375
9226.09921875
9213.81140625
8970.103125
9013.11046875
8978.295
8994.67875
8753.0184375
8894.32828125
8974.1990625
8783.73796875
8726.39484375
8963.95921875
8800.12171875
8916.8559375
8779.64203125
8755.06640625
8753.0184375
8939.38359375
8599.42078125
8558.46140625
8537.98171875
8460.15890625
8486.7825
8595.32484375
8546.17359375
8333.18484375
8626.044375
8497.02234375
8636.28421875
8284.03359375
8454.015
8441.7271875
8382.33609375
8404.86375
8368.0003125
8439.67921875
8292.22546875
8120.19609375
8392.5759375
8271.74578125
8238.97828125
8087.42859375
8193.92296875
8165.25140625
8120.19609375
7999.3659375
8025.98953125
8222.59453125
8132.48390625
8101.764375
8079.23671875
8052.613125
8042.37328125
8005.50984375
8028.0375
7899.01546875
7968.64640625
7954.310625
7659.403125
7997.31796875
7925.6390625
7872.391875
7939.97484375
7944.07078125
7815.04875
7841.67234375
7878.53578125
8155.0115625
7952.26265625
7849.86421875
7733.13
7776.13734375
7763.84953125
7612.29984375
7681.93078125
7620.49171875
7690.12265625
7548.8128125
7686.02671875
7333.77609375
7458.7021875
7526.28515625
7593.868125
7395.21515625
7600.01203125
7520.14125
7614.3478125
7495.565625
7438.2225
7409.5509375
7298.960625
7413.646875
7268.24109375
7301.00859375
7190.41828125
7155.6028125
7108.49953125
7378.83140625
7241.6175
7116.69140625
7192.46625
7090.0678125
7131.0271875
7061.39625
7096.21171875
7045.0125
7227.28171875
6809.49609375
6956.94984375
7096.21171875
7141.26703125
6952.85390625
7047.06046875
6887.31890625
6791.064375
7026.58078125
7075.73203125
6938.518125
6768.53671875
6961.04578125
6729.6253125
6707.09765625
6815.64
6700.95375
6729.6253125
6827.9278125
6731.67328125
6832.02375
6809.49609375
6823.831875
6725.529375
6578.075625
6772.63265625
6825.87984375
6557.5959375
6641.56265625
6741.913125
6655.8984375
6477.72515625
6528.924375