1423.33828125
1423.33828125
1423.33828125
1419.24234375
1415.14640625
1961.9540625
1957.858125
1904.6109375
1923.04265625
1849.31578125
1974.241875
1892.323125
1861.60359375
1865.69953125
1894.37109375
1820.64421875
1920.9946875
1849.31578125
2070.49640625
1890.27515625
1980.38578125
2125.7915625
1974.241875
1898.46703125
1873.89140625
1912.8028125
1904.6109375
1863.6515625
2007.009375
1988.57765625
1961.9540625
1843.171875
2037.72890625
1955.81015625
2056.160625
1785.82875
1955.81015625
1959.90609375
2007.009375
1847.2678125
1894.37109375
1976.28984375
2136.03140625
1871.8434375
1986.5296875
1904.6109375
1990.625625
1970.1459375
1949.66625
2080.73625
2168.79890625
1974.241875
1912.8028125
1957.858125
2129.8875
1877.98734375
1863.6515625
1875.939375
2060.2565625
2154.463125
2021.34515625
1947.61828125
2033.63296875
1894.37109375
1972.19390625
1955.81015625
1941.474375
1877.98734375
2133.9834375
2011.1053125
2062.30453125
2004.96140625
1978.3378125
1976.28984375
1996.76953125
1947.61828125
1980.38578125
1998.8175
1978.3378125
1953.7621875
1892.323125
2000.86546875
1923.04265625
1935.33046875
1925.090625
1951.71421875
2142.1753125
1929.1865625
2037.72890625
1847.2678125
1920.9946875
2025.44109375
1877.98734375
1978.3378125
2070.49640625
2027.4890625
2074.59234375
2072.544375
2021.34515625
2000.86546875
1994.7215625
2000.86546875
2050.01671875
1978.3378125
1832.93203125
2148.31921875
1923.04265625
2011.1053125
1886.17921875
2062.30453125
1947.61828125
1920.9946875
1873.89140625
1898.46703125
2191.3265625
1886.17921875
1871.8434375
1970.1459375
2105.311875
1855.4596875
2080.73625
2064.3525
2027.4890625
1863.6515625
2093.0240625
2076.6403125
1992.67359375
1925.090625
1910.75484375
2033.63296875
1966.05
1871.8434375
1912.8028125
1970.1459375
1925.090625
1996.76953125
1847.2678125
1945.5703125
2013.15328125
1896.4190625
1896.4190625
2023.393125
2043.8728125
2021.34515625
2029.53703125
2082.78421875
1896.4190625
1851.36375
1847.2678125
1939.42640625
2041.82484375
1906.65890625
1988.57765625
2039.776875
1970.1459375
1966.05
1857.50765625
1978.3378125
1908.706875
1964.00203125
2011.1053125
1923.04265625
1972.19390625
1941.474375
1949.66625
2033.63296875
1945.5703125
1900.515
1900.515
1949.66625
1949.66625
1937.3784375
1974.241875
1957.858125
2050.01671875
1998.8175
1990.625625
2027.4890625
1898.46703125
1861.60359375
1839.0759375
1920.9946875
2019.2971875
1935.33046875
1900.515
1947.61828125
1980.38578125
1925.090625
1910.75484375
2174.9428125
2037.72890625
1918.94671875
1947.61828125
1994.7215625
1961.9540625
1929.1865625
1890.27515625
1949.66625
1931.23453125
1861.60359375
1939.42640625
1964.00203125
2111.45578125
1920.9946875
1959.90609375
1888.2271875
1996.76953125
1861.60359375
1951.71421875
1951.71421875
2115.55171875
2007.009375
1925.090625
1984.48171875
2107.35984375
1908.706875
1884.13125
1804.26046875
1970.1459375
1964.00203125
2121.695625
1972.19390625
1898.46703125
2064.3525
2066.40046875
1935.33046875
2064.3525
1964.00203125
1894.37109375
1990.625625
1918.94671875
1912.8028125
1990.625625
1933.2825
1994.7215625
1853.41171875
1894.37109375
2062.30453125
1949.66625
1972.19390625
1931.23453125
2041.82484375
2064.3525
1900.515
1904.6109375
2172.89484375
1882.08328125
1820.64421875
1966.05
1972.19390625
1986.5296875
1816.54828125
1935.33046875
1888.2271875
1882.08328125
1822.6921875
1984.48171875
1935.33046875
1892.323125
1951.71421875
1980.38578125
2000.86546875
2002.9134375
2027.4890625
2023.393125
1980.38578125
1970.1459375
2000.86546875
2084.8321875
1964.00203125
2021.34515625
1908.706875
1990.625625
1939.42640625
1871.8434375
1931.23453125
1923.04265625
1832.93203125
1863.6515625
1851.36375
1978.3378125
1929.1865625
2027.4890625
1992.67359375
1832.93203125
1914.85078125
1912.8028125
2052.0646875
2000.86546875
1945.5703125
1888.2271875
1888.2271875
2013.15328125
1994.7215625
1898.46703125
1976.28984375
1931.23453125
1904.6109375
1931.23453125
1912.8028125
1896.4190625
1912.8028125
2076.6403125
2015.20125
1974.241875
1882.08328125
2060.2565625
1880.0353125
1884.13125
1966.05
1937.3784375
1925.090625
1896.4190625
2009.05734375
1914.85078125
1951.71421875
1961.9540625
2000.86546875
1986.5296875
1964.00203125
1902.56296875
1945.5703125
2093.0240625
2039.776875
1959.90609375
1974.241875
1994.7215625
1920.9946875
1949.66625
2031.585
1966.05
1929.1865625
1970.1459375
1884.13125
1923.04265625
1888.2271875
1972.19390625
1906.65890625
1896.4190625
2037.72890625
1830.8840625
1908.706875
2017.24921875
1945.5703125
1892.323125
1923.04265625
1851.36375
1884.13125
1847.2678125
1873.89140625
1949.66625
1894.37109375
2060.2565625
1937.3784375
2004.96140625
1939.42640625
1990.625625
1884.13125
1994.7215625
1826.788125
2031.585
1832.93203125
1933.2825
2011.1053125
1912.8028125
2078.68828125
1847.2678125
1923.04265625
2021.34515625
1916.89875
1945.5703125
1961.9540625
1880.0353125
1941.474375
1970.1459375
1908.706875
1896.4190625
2035.6809375
2103.26390625
1920.9946875
1941.474375
1943.52234375
1931.23453125
2062.30453125
1908.706875
1845.21984375
2041.82484375
1980.38578125
1896.4190625
1916.89875
1996.76953125
1955.81015625
1982.43375
2041.82484375
1888.2271875
1953.7621875
1978.3378125
1994.7215625
2011.1053125
1957.858125
1826.788125
1832.93203125
1955.81015625
1812.45234375
1890.27515625
1884.13125
1992.67359375
1955.81015625
1920.9946875
1992.67359375
2054.11265625
2095.07203125
1912.8028125
1906.65890625
1931.23453125
1941.474375
1976.28984375
1871.8434375
1884.13125
1892.323125
2052.0646875
1884.13125
1931.23453125
1920.9946875
1953.7621875
1949.66625
2004.96140625
1888.2271875
1898.46703125
2105.311875
1994.7215625
2019.2971875
1849.31578125
2025.44109375
2033.63296875
1914.85078125
1949.66625
1961.9540625
1918.94671875
1953.7621875
1861.60359375
1918.94671875
2045.92078125
1984.48171875
1916.89875
1857.50765625
1994.7215625
1916.89875
1906.65890625
2031.585
1970.1459375
1933.2825
2027.4890625
1896.4190625
1931.23453125
1908.706875
1978.3378125
1875.939375
2013.15328125
1865.69953125
1994.7215625
1931.23453125
2064.3525
1929.1865625
2074.59234375
1978.3378125
2052.0646875
1828.83609375
1906.65890625
1785.82875
1945.5703125
1945.5703125
1929.1865625
1927.13859375
2107.35984375
1957.858125
2037.72890625
1814.5003125
1880.0353125
1912.8028125
1982.43375
1920.9946875
1953.7621875
1892.323125
2086.88015625
1910.75484375
2095.07203125
1920.9946875
1961.9540625
1828.83609375
1886.17921875
2015.20125
1894.37109375
1843.171875
2021.34515625
1951.71421875
1925.090625
1871.8434375
1966.05
2033.63296875
1918.94671875
1863.6515625
1986.5296875
1839.0759375
1959.90609375
1773.5409375
2027.4890625
1978.3378125
1994.7215625
1961.9540625
1812.45234375
1992.67359375
1880.0353125
2019.2971875
1904.6109375
2056.160625
1906.65890625
1894.37109375
1904.6109375
1974.241875
1888.2271875
1896.4190625
2013.15328125
1920.9946875
2025.44109375
1923.04265625
2039.776875
2009.05734375
1912.8028125
1992.67359375
1882.08328125
2011.1053125
1949.66625
1996.76953125
2084.8321875
1986.5296875
1941.474375
1843.171875
1953.7621875
1982.43375
2033.63296875
1908.706875
1982.43375
2066.40046875
1929.1865625
1972.19390625
2054.11265625
1884.13125
1877.98734375
1890.27515625
1957.858125
1982.43375
2013.15328125
1904.6109375
1826.788125
1861.60359375
1935.33046875
2043.8728125
1988.57765625
1855.4596875
1904.6109375
1968.09796875
1916.89875
1953.7621875
1892.323125
2002.9134375
1945.5703125
1859.555625
1894.37109375
1937.3784375
1968.09796875
1830.8840625
2047.96875
2062.30453125
2066.40046875
2027.4890625
2019.2971875
1923.04265625
1929.1865625
1884.13125
1964.00203125
1800.16453125
2033.63296875
1910.75484375
2002.9134375
1943.52234375
1908.706875
1900.515
2015.20125
2011.1053125
1984.48171875
1959.90609375
1984.48171875
1970.1459375
1964.00203125
1949.66625
2035.6809375
2027.4890625
1953.7621875
1990.625625
1839.0759375
1964.00203125
2127.83953125
1955.81015625
2027.4890625
1851.36375
1947.61828125
1861.60359375
1974.241875
2015.20125
1978.3378125
1863.6515625
1923.04265625
1996.76953125
1914.85078125
1953.7621875
2060.2565625
2004.96140625
2004.96140625
2068.4484375
1955.81015625
1908.706875
2043.8728125
1964.00203125
1986.5296875
1968.09796875
1986.5296875
1992.67359375
1931.23453125
1951.71421875
1880.0353125
1920.9946875
1839.0759375
1867.7475
2027.4890625
1923.04265625
1865.69953125
1849.31578125
2076.6403125
1957.858125
1980.38578125
1857.50765625
1959.90609375
1945.5703125
1931.23453125
1982.43375
1986.5296875
2054.11265625
1945.5703125
1941.474375
2068.4484375
2029.53703125
1906.65890625
1925.090625
1937.3784375
1994.7215625
1894.37109375
1939.42640625
2136.03140625
1941.474375
1871.8434375
2004.96140625
2088.928125
1916.89875
1873.89140625
1943.52234375
1904.6109375
1943.52234375
1863.6515625
1945.5703125
1923.04265625
1964.00203125
2101.2159375
1937.3784375
1966.05
1855.4596875
2025.44109375
1951.71421875
1918.94671875
1931.23453125
2144.22328125
2070.49640625
1826.788125
1929.1865625
1978.3378125
1990.625625
1884.13125
1968.09796875
2082.78421875
1798.1165625
2007.009375
1970.1459375
1927.13859375
1955.81015625
1988.57765625
1970.1459375
1957.858125
1906.65890625
1943.52234375
2101.2159375
2027.4890625
1816.54828125
2039.776875
2043.8728125
1949.66625
1992.67359375
1896.4190625
2021.34515625
2007.009375
1849.31578125
1914.85078125
1996.76953125
2002.9134375
1851.36375
2056.160625
1843.171875
1855.4596875
1857.50765625
1982.43375
1955.81015625
2015.20125
1890.27515625
1898.46703125
1961.9540625
1972.19390625
1939.42640625
1877.98734375
1912.8028125
2054.11265625
1892.323125
1896.4190625
1984.48171875
1959.90609375
2056.160625
1904.6109375
1882.08328125
1957.858125
1927.13859375
1961.9540625
1961.9540625
1914.85078125
1933.2825
2015.20125
2103.26390625
1882.08328125
1834.98
1902.56296875
1916.89875
2072.544375
1925.090625
1998.8175
1900.515
1871.8434375
1992.67359375
1998.8175
2033.63296875
1961.9540625
1849.31578125
2062.30453125
2029.53703125
1847.2678125
1939.42640625
1984.48171875
2013.15328125
1914.85078125
1888.2271875
2011.1053125
1947.61828125
1994.7215625
1851.36375
1961.9540625
1925.090625
1964.00203125
1961.9540625
1902.56296875
1923.04265625
1855.4596875
2021.34515625
1888.2271875
1986.5296875
1994.7215625
1929.1865625
2011.1053125
1984.48171875
2037.72890625
1933.2825
1994.7215625
1783.78078125
1947.61828125
1972.19390625
1935.33046875
1884.13125
1929.1865625
1908.706875
2013.15328125
1923.04265625
2052.0646875
1978.3378125
1994.7215625
1990.625625
2015.20125
1968.09796875
2029.53703125
1914.85078125
1961.9540625
2060.2565625
2002.9134375
1943.52234375
2000.86546875
2017.24921875
2004.96140625
1882.08328125
2007.009375
2125.7915625
1964.00203125
2074.59234375
1880.0353125
1843.171875
1908.706875
1974.241875
1898.46703125
2023.393125
1804.26046875
1857.50765625
1826.788125
1759.20515625
2070.49640625
1902.56296875
2070.49640625
1964.00203125
1794.020625
2144.22328125
1847.2678125
1929.1865625
1880.0353125
2080.73625
1994.7215625
1955.81015625
1912.8028125
1904.6109375
1961.9540625
2027.4890625
1941.474375
2058.20859375
1988.57765625
1902.56296875
1957.858125
1953.7621875
2058.20859375
1920.9946875
2047.96875
2078.68828125
1904.6109375
1837.02796875
1974.241875
2090.97609375
1964.00203125
2160.60703125
2379.7396875
2320.34859375
2342.87625
2463.70640625
2670.55125
2699.2228125
2955.21890625
2885.58796875
3286.98984375
2924.499375
3094.48078125
2662.359375
2641.8796875
2445.2746875
2316.25265625
2334.684375
2209.75828125
2039.776875
2037.72890625
2103.26390625
1961.9540625
2002.9134375
2050.01671875
1935.33046875
1994.7215625
1988.57765625
2029.53703125
1863.6515625
1955.81015625
2162.655
2117.5996875
1974.241875
1849.31578125
2025.44109375
1882.08328125
1933.2825
1994.7215625
2166.7509375
1957.858125
1894.37109375
2062.30453125
1978.3378125
1976.28984375
1933.2825
1906.65890625
1945.5703125
2031.585
2031.585
1984.48171875
1906.65890625
2088.928125
1873.89140625
2037.72890625
1968.09796875
1892.323125
2033.63296875
1961.9540625
1986.5296875
2043.8728125
2043.8728125
1906.65890625
1966.05
1970.1459375
1947.61828125
1953.7621875
1939.42640625
1896.4190625
2043.8728125
2011.1053125
1867.7475
2004.96140625
1818.59625
1927.13859375
2004.96140625
1955.81015625
2033.63296875
2002.9134375
1871.8434375
1994.7215625
1855.4596875
2037.72890625
1986.5296875
2027.4890625
1931.23453125
1986.5296875
2056.160625
2156.51109375
1941.474375
2009.05734375
2070.49640625
2043.8728125
2086.88015625
1925.090625
2035.6809375
1961.9540625
1949.66625
1808.35640625
2062.30453125
2019.2971875
1990.625625
2007.009375
2013.15328125
2093.0240625
2193.37453125
2119.64765625
2011.1053125
2043.8728125
2007.009375
1996.76953125
1972.19390625
2101.2159375
2035.6809375
2007.009375
2027.4890625
1984.48171875
2090.97609375
2045.92078125
2066.40046875
1888.2271875
2041.82484375
2050.01671875
2127.83953125
2056.160625
1968.09796875
2060.2565625
2025.44109375
2095.07203125
2127.83953125
2054.11265625
1927.13859375
2068.4484375
2029.53703125
1941.474375
2007.009375
1990.625625
2166.7509375
2217.95015625
2121.695625
2064.3525
2195.4225
2093.0240625
1929.1865625
2060.2565625
2015.20125
2289.6290625
2029.53703125
2150.3671875
2166.7509375
2121.695625
2056.160625
2101.2159375
2144.22328125
2045.92078125
2183.1346875
2072.544375
2306.0128125
2256.8615625
2148.31921875
2054.11265625
2084.8321875
2199.5184375
2072.544375
2252.765625
2060.2565625
2119.64765625
2050.01671875
2260.9575
2150.3671875
2050.01671875
2160.60703125
2088.928125
2150.3671875
2093.0240625
2138.079375
2060.2565625
1947.61828125
2209.75828125
2133.9834375
2113.50375
2027.4890625
2103.26390625
2029.53703125
2297.8209375
2312.15671875
2570.20078125
2693.07890625
3133.3921875
3561.41765625
4059.0740625
4599.7378125
5263.2796875
6254.4965625
6975.3815625
8046.46921875
9035.638125
9961.32
10561.37484375
10131.30140625
9322.35375
8402.81578125
7065.4921875
5642.15390625
4366.269375
3854.2771875
3243.9825
2973.650625
2844.62859375
2713.55859375
2701.27078125
2760.661875
2789.3334375
2707.4146875
2711.510625
2734.03828125
2625.4959375
2519.0015625
2334.684375
2248.6696875
2224.0940625
2131.93546875
2211.80625
2086.88015625
2021.34515625
2076.6403125
2162.655
2105.311875
2109.4078125
2105.311875
2068.4484375
2043.8728125
2156.51109375
2127.83953125
2090.97609375
2144.22328125
2072.544375
2195.4225
2193.37453125
2093.0240625
2027.4890625
2058.20859375
2035.6809375
2170.846875
2107.35984375
2217.95015625
1894.37109375
2168.79890625
2297.8209375
2136.03140625
2133.9834375
2058.20859375
2062.30453125
2072.544375
2138.079375
2002.9134375
1968.09796875
2127.83953125
2127.83953125
2123.74359375
2021.34515625
1970.1459375
1978.3378125
2172.89484375
2248.6696875
1953.7621875
2023.393125
2090.97609375
2183.1346875
2013.15328125
2009.05734375
2074.59234375
2054.11265625
1994.7215625
2041.82484375
2131.93546875
2099.16796875
1945.5703125
1961.9540625
2043.8728125
2166.7509375
2109.4078125
1880.0353125
2093.0240625
2033.63296875
2123.74359375
2097.12
2043.8728125
2004.96140625
2140.12734375
2009.05734375
2148.31921875
1951.71421875
2084.8321875
2035.6809375
2168.79890625
1902.56296875
2090.97609375
2084.8321875
2039.776875
2045.92078125
2047.96875
1916.89875
2172.89484375
1961.9540625
1943.52234375
2074.59234375
1929.1865625
2043.8728125
1943.52234375
2070.49640625
2154.463125
1986.5296875
2133.9834375
2133.9834375
2041.82484375
2007.009375
2029.53703125
2084.8321875
2232.2859375
2072.544375
1986.5296875
2105.311875
2133.9834375
2023.393125
2174.9428125
2041.82484375
2064.3525
1961.9540625
2045.92078125
2097.12
2115.55171875
2070.49640625
2240.4778125
1998.8175
2344.92421875
2836.43671875
3688.39171875
4886.4534375
6184.865625
7464.84609375
8939.38359375
10882.9059375
12820.284375
16340.74265625
18466.53421875
20422.344375
22296.23578125
22245.0365625
22869.66703125
22130.3503125
18869.9840625
14307.1096875
10985.304375
8189.82703125
6262.6884375
4800.43875
4063.17
3401.67609375
2973.650625
2519.0015625
2322.3965625
2201.56640625
2195.4225
2131.93546875
2086.88015625
2033.63296875
2127.83953125
2090.97609375
2097.12
2185.18265625
2121.695625
2035.6809375
1937.3784375
2095.07203125
2090.97609375
2062.30453125
1869.79546875
2129.8875
1949.66625
1994.7215625
2078.68828125
2086.88015625
1986.5296875
2050.01671875
2052.0646875
2043.8728125
1990.625625
1849.31578125
2035.6809375
2181.08671875
1988.57765625
2007.009375
1896.4190625
2076.6403125
1955.81015625
1933.2825
1943.52234375
1947.61828125
1865.69953125
1929.1865625
2021.34515625
2101.2159375
1896.4190625
2041.82484375
1927.13859375
1931.23453125
2021.34515625
2007.009375
2054.11265625
1988.57765625
1994.7215625
2043.8728125
2025.44109375
1996.76953125
2002.9134375
1998.8175
2031.585
1947.61828125
2056.160625
2056.160625
2002.9134375
2000.86546875
2062.30453125
2023.393125
1982.43375
2136.03140625
2050.01671875
1939.42640625
2127.83953125
2007.009375
1986.5296875
1925.090625
2107.35984375
1923.04265625
1970.1459375
1992.67359375
1902.56296875
1957.858125
2047.96875
1998.8175
1986.5296875
2047.96875
1925.090625
2033.63296875
1904.6109375
1964.00203125
1929.1865625
1933.2825
2054.11265625
1984.48171875
1990.625625
2052.0646875
2011.1053125
1892.323125
2090.97609375
1933.2825
2074.59234375
1931.23453125
2146.27125
2074.59234375
1988.57765625
1886.17921875
1920.9946875
2004.96140625
2037.72890625
1859.555625
2068.4484375
2097.12
1974.241875
2027.4890625
2062.30453125
2078.68828125
1929.1865625
1955.81015625
1904.6109375
2090.97609375
1927.13859375
2004.96140625
2035.6809375
1935.33046875
2111.45578125
2023.393125
2027.4890625
1953.7621875
1949.66625
2002.9134375
1966.05
1994.7215625
2133.9834375
2002.9134375
1894.37109375
2019.2971875
1986.5296875
1906.65890625
1923.04265625
2013.15328125
1998.8175
2115.55171875
1906.65890625
2062.30453125
1877.98734375
1990.625625
2011.1053125
1923.04265625
1976.28984375
1898.46703125
1955.81015625
1929.1865625
1953.7621875
1890.27515625
1996.76953125
2095.07203125
2125.7915625
2029.53703125
1920.9946875
1937.3784375
1953.7621875
2047.96875
1994.7215625
2007.009375
2088.928125
2111.45578125
2101.2159375
1918.94671875
1904.6109375
1828.83609375
1986.5296875
2105.311875
2050.01671875
2019.2971875
1953.7621875
2064.3525
2035.6809375
2062.30453125
1988.57765625
1986.5296875
1877.98734375
2029.53703125
1966.05
2090.97609375
1869.79546875
2070.49640625
1888.2271875
1972.19390625
1912.8028125
1998.8175
2078.68828125
1865.69953125
1882.08328125
1959.90609375
1982.43375
2207.7103125
1978.3378125
2029.53703125
1914.85078125
2035.6809375
1966.05
1914.85078125
2123.74359375
2103.26390625
1986.5296875
2064.3525
2043.8728125
1925.090625
1982.43375
1949.66625
2039.776875
1941.474375
2004.96140625
2052.0646875
2019.2971875
1990.625625
1906.65890625
1970.1459375
1875.939375
2013.15328125
1947.61828125
1966.05
1964.00203125
1929.1865625
1992.67359375
1957.858125
2002.9134375
2035.6809375
2074.59234375
2093.0240625
1912.8028125
1869.79546875
1898.46703125
1974.241875
1920.9946875
2031.585
2068.4484375
2072.544375
2011.1053125
1953.7621875
1855.4596875
1961.9540625
1961.9540625
1900.515
2011.1053125
2209.75828125
1990.625625
2002.9134375
1988.57765625
2090.97609375
2031.585
1896.4190625
1970.1459375
2123.74359375
2013.15328125
2041.82484375
2031.585
2111.45578125
1988.57765625
2121.695625
2054.11265625
2072.544375
2045.92078125
2035.6809375
2109.4078125
2058.20859375
2111.45578125
1972.19390625
1953.7621875
1970.1459375
2088.928125
1990.625625
2009.05734375
1920.9946875
1984.48171875
1912.8028125
1904.6109375
2045.92078125
1910.75484375
1964.00203125
1982.43375
2054.11265625
2058.20859375
1937.3784375
1914.85078125
1980.38578125
2035.6809375
1996.76953125
1998.8175
1943.52234375
1951.71421875
2170.846875
1945.5703125
1871.8434375
2000.86546875
1964.00203125
2023.393125
1882.08328125
1949.66625
1888.2271875
1959.90609375
1875.939375
2187.230625
1970.1459375
2082.78421875
1984.48171875
2002.9134375
1892.323125
1986.5296875
2013.15328125
1908.706875
2017.24921875
2047.96875
1968.09796875
1912.8028125
1896.4190625
2052.0646875
1988.57765625
1949.66625
2095.07203125
1980.38578125
1839.0759375
2088.928125
1964.00203125
1918.94671875
2011.1053125
2021.34515625
1916.89875
1914.85078125
1947.61828125
1957.858125
2002.9134375
2007.009375
1957.858125
1869.79546875
1964.00203125
1904.6109375
2004.96140625
1972.19390625
2007.009375
1990.625625
2125.7915625
2111.45578125
2039.776875
1937.3784375
2019.2971875
1951.71421875
1937.3784375
2029.53703125
2017.24921875
1957.858125
1908.706875
1982.43375
1888.2271875
2144.22328125
1974.241875
1865.69953125
2011.1053125
2043.8728125
2043.8728125
1935.33046875
1955.81015625
1992.67359375
2058.20859375
2156.51109375
1964.00203125
1933.2825
1964.00203125
1882.08328125
2076.6403125
1990.625625
1984.48171875
2015.20125
1906.65890625
1906.65890625
2035.6809375
1947.61828125
1939.42640625
1988.57765625
1912.8028125
1898.46703125
1929.1865625
1914.85078125
1980.38578125
2078.68828125
2056.160625
1982.43375
2037.72890625
1982.43375
1900.515
1920.9946875
2025.44109375
2017.24921875
1890.27515625
1949.66625
2117.5996875
1857.50765625
1992.67359375
1961.9540625
1984.48171875
1810.404375
1982.43375
2011.1053125
2084.8321875
2017.24921875
1929.1865625
2029.53703125
1929.1865625
1949.66625
1941.474375
2015.20125
2002.9134375
2070.49640625
2033.63296875
2086.88015625
2064.3525
1970.1459375
2025.44109375
1902.56296875
1970.1459375
1961.9540625
1906.65890625
1920.9946875
1951.71421875
2070.49640625
2052.0646875
1851.36375
1931.23453125
1894.37109375
1994.7215625
1978.3378125
1912.8028125
1929.1865625
1972.19390625
2052.0646875
2224.0940625
1904.6109375
1970.1459375
1837.02796875
1904.6109375
1988.57765625
1966.05
1931.23453125
1970.1459375
2076.6403125
1914.85078125
2047.96875
2078.68828125
1982.43375
1949.66625
1980.38578125
1955.81015625
2076.6403125
1906.65890625
2019.2971875
2052.0646875
1970.1459375
1941.474375
1875.939375
2062.30453125
1888.2271875
1994.7215625
1906.65890625
2025.44109375
1939.42640625
2068.4484375
1957.858125
1925.090625
2015.20125
2056.160625
1998.8175
2007.009375
1908.706875
1904.6109375
2002.9134375
1873.89140625
1892.323125
1996.76953125
1910.75484375
1886.17921875
2095.07203125
1931.23453125
1871.8434375
2078.68828125
1904.6109375
1982.43375
1861.60359375
2000.86546875
2136.03140625
2011.1053125
1986.5296875
1972.19390625
1923.04265625
1986.5296875
1908.706875
2004.96140625
1931.23453125
1912.8028125
1947.61828125
2043.8728125
1855.4596875
2133.9834375
1996.76953125
1957.858125
2099.16796875
1994.7215625
2129.8875
2076.6403125
2021.34515625
1992.67359375
2095.07203125
2029.53703125
2097.12
2043.8728125
2088.928125
2166.7509375
2105.311875
1986.5296875
1978.3378125
2043.8728125
2121.695625
2271.19734375
3096.52875
5648.2978125
9779.05078125
14561.0578125
19777.23421875
27278.94375
35491.2984375
42814.8346875
47693.09625
51438.83109375
53146.83703125
50691.3225
47152.4325
42757.4915625
38049.21140625
32251.411875
26207.85609375
19732.17890625
14964.50765625
11923.2740625
9529.19859375
7946.11875
6369.1828125
5451.6928125
4718.52
4126.65703125
3471.30703125
2852.82046875
2588.6325
2488.28203125
2240.4778125
2047.96875
2097.12
2207.7103125
2017.24921875
2023.393125
2056.160625
2129.8875
1923.04265625
2133.9834375
1949.66625
2033.63296875
2043.8728125
2084.8321875
2033.63296875
2066.40046875
1951.71421875
1880.0353125
2004.96140625
2062.30453125
1978.3378125
1972.19390625
2045.92078125
2023.393125
2078.68828125
1968.09796875
1828.83609375
1931.23453125
1972.19390625
1959.90609375
2021.34515625
1998.8175
2027.4890625
1972.19390625
1957.858125
2013.15328125
1937.3784375
2033.63296875
1990.625625
2043.8728125
1935.33046875
1912.8028125
1961.9540625
1882.08328125
1925.090625
1994.7215625
2039.776875
2002.9134375
1974.241875
2019.2971875
1816.54828125
1871.8434375
1849.31578125
1904.6109375
2129.8875
1863.6515625
2029.53703125
1990.625625
1970.1459375
1943.52234375
2007.009375
1953.7621875
1855.4596875
1988.57765625
1845.21984375
1986.5296875
2056.160625
1990.625625
2029.53703125
2035.6809375
1920.9946875
1908.706875
1961.9540625
1978.3378125
1871.8434375
1943.52234375
1957.858125
1923.04265625
1970.1459375
1955.81015625
1964.00203125
1931.23453125
1945.5703125
2058.20859375
1839.0759375
2101.2159375
1898.46703125
1898.46703125
2027.4890625
1968.09796875
1961.9540625
2189.27859375
1996.76953125
2072.544375
1978.3378125
1990.625625
1994.7215625
1929.1865625
2015.20125
2021.34515625
1931.23453125
1998.8175
1953.7621875
2093.0240625
1869.79546875
1955.81015625
1898.46703125
1998.8175
2029.53703125
1929.1865625
2086.88015625
2082.78421875
2084.8321875
1966.05
1902.56296875
2035.6809375
1945.5703125
2011.1053125
1935.33046875
1998.8175
1871.8434375
1898.46703125
1949.66625
1988.57765625
1898.46703125
1990.625625
2160.60703125
2428.8909375
2797.5253125
3506.1225
4063.17
5035.95515625
5932.96546875
6545.308125
6698.90578125
6975.3815625
7026.58078125
6500.2528125
6631.3228125
6821.78390625
7081.8759375
7063.44421875
7565.1965625
7841.67234375
8007.5578125
8025.98953125
7944.07078125
7516.0453125
6705.0496875
6272.92828125
5947.30125
5234.608125
4530.106875
3839.94140625
3452.8753125
2893.77984375
2795.47734375
2777.045625
2478.0421875
2443.22671875
2322.3965625
2316.25265625
2174.9428125
2031.585
1976.28984375
2031.585
2004.96140625
2035.6809375
2013.15328125
2117.5996875
1976.28984375
1892.323125
1908.706875
1863.6515625
1953.7621875
1964.00203125
1992.67359375
2064.3525
2023.393125
1925.090625
1843.171875
2076.6403125
1990.625625
2039.776875
1910.75484375
1968.09796875
1937.3784375
1976.28984375
1800.16453125
1929.1865625
1961.9540625
2133.9834375
1986.5296875
1863.6515625
1998.8175
2050.01671875
1789.9246875
1908.706875
1986.5296875
1837.02796875
1910.75484375
2000.86546875
1945.5703125
2004.96140625
1896.4190625
1931.23453125
1929.1865625
1955.81015625
1925.090625
2019.2971875
1941.474375
2041.82484375
2027.4890625
1970.1459375
1918.94671875
1916.89875
1855.4596875
1978.3378125
1884.13125
2082.78421875
2068.4484375
1970.1459375
1966.05
1961.9540625
1875.939375
1966.05
2064.3525
2084.8321875
1871.8434375
1968.09796875
1947.61828125
2086.88015625
1894.37109375
1972.19390625
1888.2271875
2052.0646875
1982.43375
1841.12390625
2000.86546875
1920.9946875
1978.3378125
1908.706875
1773.5409375
1855.4596875
1970.1459375
2068.4484375
1966.05
1933.2825
2115.55171875
2000.86546875
1939.42640625
2004.96140625
1867.7475
1945.5703125
1900.515
1914.85078125
1949.66625
2215.9021875
1884.13125
1857.50765625
1994.7215625
1984.48171875
1953.7621875
1937.3784375
1931.23453125
1914.85078125
2095.07203125
2086.88015625
1910.75484375
1959.90609375
2062.30453125
2070.49640625
1882.08328125
1980.38578125
1964.00203125
2115.55171875
1888.2271875
1996.76953125
1968.09796875
2002.9134375
1953.7621875
2013.15328125
1988.57765625
2074.59234375
1920.9946875
2076.6403125
2047.96875
2023.393125
1982.43375
2021.34515625
1859.555625
2011.1053125
2084.8321875
1877.98734375
1951.71421875
1964.00203125
1796.06859375
1970.1459375
1857.50765625
1822.6921875
1877.98734375
2009.05734375
1988.57765625
1976.28984375
1916.89875
1816.54828125
2035.6809375
1988.57765625
1906.65890625
1988.57765625
1994.7215625
1843.171875
1964.00203125
1904.6109375
1847.2678125
2133.9834375
1988.57765625
2015.20125
1959.90609375
1822.6921875
1941.474375
1904.6109375
1894.37109375
2029.53703125
1957.858125
1961.9540625
1968.09796875
2033.63296875
1945.5703125
1966.05
1904.6109375
1867.7475
1853.41171875
1839.0759375
1941.474375
1982.43375
1824.74015625
1892.323125
1834.98
1964.00203125
1904.6109375
1957.858125
1886.17921875
1882.08328125
1877.98734375
1834.98
1992.67359375
1923.04265625
1933.2825
1949.66625
1949.66625
2019.2971875
1961.9540625
1873.89140625
1986.5296875
1980.38578125
1974.241875
1898.46703125
1945.5703125
2082.78421875
1918.94671875
1920.9946875
1910.75484375
1906.65890625
2033.63296875
1998.8175
1939.42640625
1865.69953125
1855.4596875
2009.05734375
2037.72890625
1908.706875
2041.82484375
2023.393125
1947.61828125
2019.2971875
2070.49640625
1841.12390625
1978.3378125
1978.3378125
1955.81015625
1931.23453125
1849.31578125
1982.43375
2004.96140625
2007.009375
1998.8175
2007.009375
1931.23453125
2054.11265625
1851.36375
2035.6809375
1847.2678125
1964.00203125
2019.2971875
2017.24921875
1886.17921875
1931.23453125
1898.46703125
1873.89140625
1902.56296875
1929.1865625
1892.323125
2045.92078125
1906.65890625
1914.85078125
1857.50765625
1986.5296875
2107.35984375
1966.05
1857.50765625
1841.12390625
2105.311875
1888.2271875
1953.7621875
1869.79546875
1990.625625
1968.09796875
1884.13125
2004.96140625
1996.76953125
1918.94671875
1970.1459375
1910.75484375
1935.33046875
1949.66625
1966.05
1978.3378125
2002.9134375
1877.98734375
1988.57765625
1839.0759375
2045.92078125
2013.15328125
1955.81015625
2060.2565625
1966.05
1955.81015625
1898.46703125
1931.23453125
1902.56296875
2109.4078125
1841.12390625
2027.4890625
1906.65890625
1802.2125
1923.04265625
1912.8028125
1875.939375
1955.81015625
1916.89875
2043.8728125
1730.53359375
2029.53703125
1955.81015625
2004.96140625
1955.81015625
1933.2825
1949.66625
2035.6809375
1884.13125
2017.24921875
1945.5703125
1982.43375
1880.0353125
1884.13125
1970.1459375
2043.8728125
1972.19390625
1988.57765625
2002.9134375
2025.44109375
1978.3378125
1953.7621875
2009.05734375
2013.15328125
1912.8028125
1955.81015625
1869.79546875
1986.5296875
1937.3784375
1935.33046875
1804.26046875
1880.0353125
1933.2825
2029.53703125
2027.4890625
1955.81015625
1884.13125
1880.0353125
1964.00203125
1986.5296875
1826.788125
1806.3084375
2002.9134375
2066.40046875
1953.7621875
1935.33046875
1898.46703125
1978.3378125
1832.93203125
1970.1459375
1890.27515625
1900.515
1918.94671875
1955.81015625
1826.788125
1875.939375
1845.21984375
1937.3784375
1830.8840625
2037.72890625
1980.38578125
1910.75484375
1931.23453125
1853.41171875
2023.393125
1998.8175
1925.090625
1847.2678125
1955.81015625
1943.52234375
1986.5296875
1964.00203125
1914.85078125
1898.46703125
1806.3084375
2021.34515625
2029.53703125
1916.89875
2009.05734375
1910.75484375
1882.08328125
1894.37109375
2043.8728125
1961.9540625
1859.555625
2045.92078125
1759.20515625
2033.63296875
1937.3784375
2070.49640625
1822.6921875
1994.7215625
1945.5703125
1925.090625
1880.0353125
1920.9946875
2027.4890625
1869.79546875
1880.0353125
1984.48171875
1984.48171875
1925.090625
1949.66625
1908.706875
2043.8728125
1824.74015625
1832.93203125
1851.36375
1912.8028125
2082.78421875
2013.15328125
1892.323125
1972.19390625
1961.9540625
2013.15328125
2023.393125
1908.706875
2064.3525
2000.86546875
1904.6109375
1902.56296875
1931.23453125
1896.4190625
1990.625625
1914.85078125
1841.12390625
1939.42640625
1894.37109375
1830.8840625
1968.09796875
1853.41171875
1925.090625
1898.46703125
2027.4890625
1937.3784375
1980.38578125
1982.43375
1925.090625
1945.5703125
1912.8028125
1904.6109375
2011.1053125
1882.08328125
2004.96140625
1904.6109375
1918.94671875
1875.939375
1882.08328125
1953.7621875
1839.0759375
1974.241875
2025.44109375
1994.7215625
1851.36375
1912.8028125
1959.90609375
1978.3378125
1884.13125
1853.41171875
2144.22328125
1914.85078125
1826.788125
2015.20125
1896.4190625
2013.15328125
1820.64421875
2068.4484375
1992.67359375
2013.15328125
1908.706875
2033.63296875
2060.2565625
2045.92078125
1941.474375
1847.2678125
1898.46703125
1804.26046875
1912.8028125
1959.90609375
1994.7215625
1918.94671875
1994.7215625
1896.4190625
2056.160625
2013.15328125
1929.1865625
1964.00203125
1941.474375
2037.72890625
1900.515
1894.37109375
1832.93203125
1927.13859375
1890.27515625
1884.13125
1896.4190625
1855.4596875
1943.52234375
1880.0353125
1918.94671875
1861.60359375
1834.98
1951.71421875
1882.08328125
1869.79546875
1978.3378125
1871.8434375
1865.69953125
1839.0759375
2007.009375
1941.474375
2013.15328125
1966.05
1834.98
1968.09796875
2004.96140625
1959.90609375
1781.7328125
1935.33046875
1974.241875
1871.8434375
1918.94671875
1953.7621875
1945.5703125
1847.2678125
1949.66625
1869.79546875
1843.171875
1839.0759375
1888.2271875
1923.04265625
2004.96140625
1837.02796875
1908.706875
1937.3784375
1988.57765625
1908.706875
1886.17921875
2031.585
1943.52234375
1933.2825
1931.23453125
1939.42640625
1892.323125
1814.5003125
2121.695625
2004.96140625
1863.6515625
1929.1865625
1957.858125
1923.04265625
1839.0759375
1892.323125
1859.555625
2002.9134375
1920.9946875
1908.706875
2007.009375
1994.7215625
1830.8840625
2070.49640625
1929.1865625
1873.89140625
1873.89140625
1980.38578125
1937.3784375
1892.323125
1978.3378125
1976.28984375
2058.20859375
2037.72890625
1992.67359375
2027.4890625
2076.6403125
2019.2971875
2043.8728125
1916.89875
1892.323125
1904.6109375
1945.5703125
1998.8175
1914.85078125
1888.2271875
1968.09796875
1959.90609375
2004.96140625
1996.76953125
2035.6809375
2078.68828125
1957.858125
1961.9540625
1933.2825
2088.928125
1947.61828125
1947.61828125
1992.67359375
1951.71421875
1892.323125
2033.63296875
1933.2825
2013.15328125
2019.2971875
2097.12
2068.4484375
1972.19390625
2113.50375
1933.2825
1951.71421875
1875.939375
1920.9946875
1945.5703125
2037.72890625
1955.81015625
1974.241875
2076.6403125
1976.28984375
1912.8028125
1863.6515625
1834.98
2052.0646875
1859.555625
1898.46703125
2045.92078125
2021.34515625
1908.706875
1888.2271875
1968.09796875
2021.34515625
1961.9540625
1931.23453125
1980.38578125
2060.2565625
1925.090625
1898.46703125
1955.81015625
1896.4190625
2011.1053125
2064.3525
1920.9946875
1865.69953125
1880.0353125
1927.13859375
1888.2271875
1923.04265625
1880.0353125
1970.1459375
1992.67359375
1920.9946875
1810.404375
1953.7621875
1923.04265625
1914.85078125
2115.55171875
1947.61828125
2039.776875
1845.21984375
2082.78421875
1931.23453125
1972.19390625
1853.41171875
1998.8175
1964.00203125
1970.1459375
1941.474375
1884.13125
1914.85078125
1949.66625
1896.4190625
1912.8028125
1875.939375
1955.81015625
1984.48171875
1730.53359375
1923.04265625
1986.5296875
1937.3784375
1875.939375
1951.71421875
1923.04265625
1955.81015625
1898.46703125
1986.5296875
1857.50765625
1992.67359375
1935.33046875
1882.08328125
2072.544375
1908.706875
1966.05
1894.37109375
1785.82875
1953.7621875
1929.1865625
1920.9946875
2101.2159375
1990.625625
1935.33046875
1904.6109375
1892.323125
1875.939375
1900.515
1847.2678125
1943.52234375
1818.59625
1949.66625
1929.1865625
1955.81015625
1970.1459375
1970.1459375
1820.64421875
1826.788125
1914.85078125
1886.17921875
1978.3378125
1908.706875
1923.04265625
1947.61828125
1961.9540625
1964.00203125
1994.7215625
1916.89875
2115.55171875
1933.2825
2002.9134375
1994.7215625
1935.33046875
1824.74015625
1927.13859375
1798.1165625
1892.323125
1873.89140625
1986.5296875
2105.311875
1980.38578125
1970.1459375
1892.323125
1853.41171875
1861.60359375
1877.98734375
1904.6109375
1964.00203125
1976.28984375
2056.160625
2039.776875
1890.27515625
1996.76953125
1884.13125
2064.3525
1918.94671875
2068.4484375
1933.2825
1976.28984375
2052.0646875
2105.311875
1988.57765625
1873.89140625
2002.9134375
1890.27515625
1996.76953125
2039.776875
1877.98734375
1937.3784375
1849.31578125
2007.009375
2095.07203125
1937.3784375
1974.241875
1880.0353125
1888.2271875
1904.6109375
1941.474375
1982.43375
1867.7475
2004.96140625
1923.04265625
1918.94671875
1855.4596875
1923.04265625
2043.8728125
1884.13125
1982.43375
1957.858125
1966.05
1867.7475
1900.515
1875.939375
1937.3784375
2045.92078125
1888.2271875
1896.4190625
1986.5296875
2015.20125
1945.5703125
1902.56296875
2074.59234375
1986.5296875
1945.5703125
1949.66625
1812.45234375
1927.13859375
1916.89875
2043.8728125
1953.7621875
2043.8728125
1906.65890625
2084.8321875
1916.89875
1937.3784375
2002.9134375
1896.4190625
1882.08328125
1865.69953125
1937.3784375
2031.585
2002.9134375
1910.75484375
1916.89875
1947.61828125
1974.241875
1863.6515625
1910.75484375
1931.23453125
1972.19390625
1898.46703125
1957.858125
1929.1865625
2045.92078125
1908.706875
1923.04265625
2072.544375
1984.48171875
1984.48171875
1925.090625
1857.50765625
1974.241875
1904.6109375
1818.59625
1920.9946875
1914.85078125
1875.939375
1943.52234375
1894.37109375
1841.12390625
2062.30453125
1890.27515625
2021.34515625
1945.5703125
1916.89875
1974.241875
1920.9946875
2021.34515625
2013.15328125
1957.858125
1939.42640625
1941.474375
2043.8728125
1996.76953125
1896.4190625
1966.05
2004.96140625
1914.85078125
1953.7621875
1978.3378125
1863.6515625
2050.01671875
1880.0353125
2011.1053125
1943.52234375
2027.4890625
1892.323125
2035.6809375
1890.27515625
1923.04265625
1920.9946875
1923.04265625
2013.15328125
1959.90609375
1871.8434375
1822.6921875
1906.65890625
2015.20125
1998.8175
1943.52234375
1865.69953125
1923.04265625
1982.43375
1978.3378125
1947.61828125
1937.3784375
2035.6809375
1927.13859375
2041.82484375
1875.939375
1951.71421875
2068.4484375
2086.88015625
1826.788125
1972.19390625
2002.9134375
2088.928125
1959.90609375
2082.78421875
2095.07203125
2011.1053125
1886.17921875
2029.53703125
2002.9134375
2031.585
1935.33046875
1882.08328125
1916.89875
2099.16796875
1857.50765625
1914.85078125
2019.2971875
2035.6809375
1888.2271875
1949.66625
1916.89875
1982.43375
2031.585
2078.68828125
2007.009375
1800.16453125
2000.86546875
1824.74015625
1912.8028125
1935.33046875
1912.8028125
1945.5703125
1945.5703125
1925.090625
2117.5996875
1875.939375
1953.7621875
1896.4190625
2074.59234375
2035.6809375
1912.8028125
1937.3784375
1951.71421875
1859.555625
1974.241875
2226.14203125
2090.97609375
2076.6403125
1937.3784375
1978.3378125
1923.04265625
1837.02796875
1867.7475
1937.3784375
2090.97609375
1865.69953125
1970.1459375
1957.858125
1898.46703125
1959.90609375
2039.776875
2101.2159375
2013.15328125
2105.311875
2101.2159375
2076.6403125
2004.96140625
2070.49640625
1994.7215625
2054.11265625
2045.92078125
1990.625625
1873.89140625
2039.776875
1916.89875
1970.1459375
1976.28984375
2029.53703125
1927.13859375
1927.13859375
1824.74015625
1955.81015625
1920.9946875
1880.0353125
1818.59625
1898.46703125
1957.858125
1916.89875
1898.46703125
1947.61828125
1882.08328125
1916.89875
1976.28984375
1892.323125
2072.544375
1923.04265625
1834.98
1773.5409375
1839.0759375
2109.4078125
1916.89875
2090.97609375
1957.858125
1978.3378125
1988.57765625
1775.58890625
1984.48171875
1875.939375
1953.7621875
2174.9428125
1908.706875
2047.96875
2066.40046875
2019.2971875
2056.160625
2021.34515625
2039.776875
1955.81015625
1961.9540625
1847.2678125
1892.323125
1941.474375
1953.7621875
2058.20859375
1933.2825
2002.9134375
1964.00203125
2004.96140625
1937.3784375
2033.63296875
1849.31578125
1953.7621875
1908.706875
1953.7621875
1853.41171875
1939.42640625
1898.46703125
1834.98
1937.3784375
1882.08328125
1886.17921875
1935.33046875
1929.1865625
1918.94671875
1843.171875
2078.68828125
1908.706875
1916.89875
1970.1459375
1970.1459375
1980.38578125
1802.2125
2000.86546875
1904.6109375
1925.090625
1929.1865625
1947.61828125
2029.53703125
2097.12
1937.3784375
1865.69953125
1927.13859375
1941.474375
1996.76953125
1972.19390625
1968.09796875
1961.9540625
1871.8434375
1951.71421875
1923.04265625
1931.23453125
1986.5296875
1931.23453125
1884.13125
1859.555625
1953.7621875
1986.5296875
1980.38578125
1863.6515625
1855.4596875
2000.86546875
1931.23453125
1914.85078125
1906.65890625
1982.43375
1798.1165625
1880.0353125
1804.26046875
1931.23453125
1984.48171875
1773.5409375
1904.6109375
1898.46703125
1990.625625
1931.23453125
1939.42640625
2021.34515625
1998.8175
1886.17921875
1785.82875
2062.30453125
1976.28984375
1869.79546875
1943.52234375
1857.50765625
1916.89875
1890.27515625
1964.00203125
1984.48171875
1927.13859375
2060.2565625
1968.09796875
2103.26390625
1953.7621875
1861.60359375
1892.323125
1882.08328125
1882.08328125
1746.91734375
1964.00203125
2002.9134375
1929.1865625
1855.4596875
1974.241875
2068.4484375
1957.858125
1961.9540625
1935.33046875
1865.69953125
2000.86546875
1959.90609375
1929.1865625
1810.404375
1849.31578125
1894.37109375
1941.474375
1890.27515625
1953.7621875
2054.11265625
1982.43375
1970.1459375
1959.90609375
1968.09796875
1939.42640625
1974.241875
1976.28984375
1904.6109375
1964.00203125
1751.01328125
1873.89140625
1970.1459375
1898.46703125
1841.12390625
1986.5296875
1890.27515625
1859.555625
1816.54828125
1914.85078125
1888.2271875
1931.23453125
1970.1459375
2019.2971875
2054.11265625
2080.73625
1984.48171875
2103.26390625
1988.57765625
1851.36375
1955.81015625
1849.31578125
1818.59625
1888.2271875
2015.20125
1877.98734375
1914.85078125
3831.74953125
1892.323125
1955.81015625
1843.171875
1964.00203125
1855.4596875
1974.241875
1890.27515625
1927.13859375
1849.31578125
1851.36375
1910.75484375
1824.74015625
1970.1459375
2004.96140625
1898.46703125
1775.58890625
2023.393125
2037.72890625
1884.13125
1964.00203125
1753.06125
1894.37109375
1970.1459375
1959.90609375
1959.90609375
1857.50765625
1867.7475
1916.89875
1916.89875
1966.05
1992.67359375
1802.2125
2066.40046875
1941.474375
1732.5815625
1863.6515625
1949.66625
1863.6515625
2009.05734375
1988.57765625
1898.46703125
2033.63296875
1904.6109375
1863.6515625
1900.515
2062.30453125
2013.15328125
2041.82484375
1968.09796875
1972.19390625
1839.0759375
1968.09796875
1947.61828125
2136.03140625
2002.9134375
1970.1459375
1984.48171875
1931.23453125
1896.4190625
1947.61828125
1744.869375
1843.171875
1927.13859375
1882.08328125
2000.86546875
2045.92078125
1880.0353125
1959.90609375
1802.2125
1939.42640625
1968.09796875
1966.05
1847.2678125
1964.00203125
1816.54828125
1908.706875
1816.54828125
1914.85078125
1798.1165625
1898.46703125
1839.0759375
1910.75484375
1918.94671875
1964.00203125
1810.404375
1847.2678125
1814.5003125
1912.8028125
1877.98734375
1828.83609375
1902.56296875
1947.61828125
2033.63296875
1908.706875
1824.74015625
1826.788125
1902.56296875
1875.939375
1941.474375
2011.1053125
2004.96140625
1947.61828125
1945.5703125
1904.6109375
1931.23453125
1933.2825
1875.939375
2002.9134375
1880.0353125
1945.5703125
2037.72890625
1873.89140625
1804.26046875
2082.78421875
1779.68484375
2035.6809375
1841.12390625
1986.5296875
1978.3378125
1787.87671875
1933.2825
1943.52234375
1884.13125
1898.46703125
1972.19390625
1904.6109375
1916.89875
1847.2678125
1959.90609375
1957.858125
1947.61828125
1949.66625
1937.3784375
1896.4190625
1906.65890625
2007.009375
1986.5296875
1877.98734375
1908.706875
1937.3784375
1904.6109375
2019.2971875
1943.52234375
1988.57765625
1992.67359375
1927.13859375
1849.31578125
1953.7621875
1847.2678125
1947.61828125
1855.4596875
1994.7215625
1996.76953125
1863.6515625
1912.8028125
1937.3784375
1718.24578125
2011.1053125
1865.69953125
1941.474375
1974.241875
1916.89875
1988.57765625
1910.75484375
1961.9540625
1906.65890625
1851.36375
1890.27515625
1914.85078125
1970.1459375
1951.71421875
1900.515
1826.788125
1988.57765625
1931.23453125
1953.7621875
1988.57765625
1841.12390625
1978.3378125
1816.54828125
1947.61828125
2015.20125
1888.2271875
1978.3378125
1935.33046875
1949.66625
1841.12390625
1986.5296875
1839.0759375
1920.9946875
1961.9540625
1980.38578125
1824.74015625
1892.323125
1843.171875
2056.160625
1908.706875
1869.79546875
1908.706875
1812.45234375
1847.2678125
1875.939375
1738.72546875
1931.23453125
1935.33046875
2013.15328125
1988.57765625
1822.6921875
1939.42640625
1943.52234375
1863.6515625
1994.7215625
1871.8434375
1923.04265625
1894.37109375
1863.6515625
1904.6109375
1996.76953125
1916.89875
2017.24921875
1929.1865625
1947.61828125
2039.776875
1849.31578125
1826.788125
1986.5296875
2007.009375
1873.89140625
1851.36375
2045.92078125
1877.98734375
1980.38578125
1873.89140625
1996.76953125
1810.404375
2002.9134375
1818.59625
2023.393125
1945.5703125
1824.74015625
1890.27515625
1966.05
1978.3378125
1931.23453125
1898.46703125
1910.75484375
1980.38578125
1871.8434375
1937.3784375
1957.858125
1826.788125
1875.939375
1990.625625
1900.515
1849.31578125
1920.9946875
1824.74015625
1857.50765625
1806.3084375
1935.33046875
2025.44109375
2009.05734375
1986.5296875
1966.05
1945.5703125
1929.1865625
1982.43375
1904.6109375
1945.5703125
1964.00203125
1857.50765625
1943.52234375
1957.858125
1966.05
1937.3784375
1906.65890625
1871.8434375
1959.90609375
1882.08328125
1966.05
1849.31578125
2007.009375
1961.9540625
1875.939375
1900.515
1908.706875
1974.241875
1929.1865625
1988.57765625
1986.5296875
1894.37109375
1855.4596875
1738.72546875
1931.23453125
1925.090625
1910.75484375
1832.93203125
1894.37109375
1951.71421875
1908.706875
1875.939375
1945.5703125
1794.020625
1949.66625
1818.59625
1941.474375
1800.16453125
1978.3378125
1843.171875
1931.23453125
1937.3784375
1820.64421875
1867.7475
1966.05
1818.59625
1916.89875
1804.26046875
1941.474375
1867.7475
1871.8434375
1837.02796875
2023.393125
1804.26046875
1898.46703125
1877.98734375
2000.86546875
1853.41171875
1890.27515625
1861.60359375
1841.12390625
1912.8028125
1906.65890625
1863.6515625
1957.858125
1904.6109375
1871.8434375
1953.7621875
2021.34515625
1847.2678125
1812.45234375
1890.27515625
1871.8434375
1873.89140625
1832.93203125
1912.8028125
2064.3525
1865.69953125
1890.27515625
1996.76953125
1941.474375
1839.0759375
1871.8434375
2056.160625
1980.38578125
1943.52234375
1925.090625
1843.171875
1994.7215625
1824.74015625
1875.939375
1837.02796875
1875.939375
1865.69953125
1837.02796875
1945.5703125
1929.1865625
1976.28984375
1920.9946875
2015.20125
1974.241875
1904.6109375
1785.82875
2000.86546875
1826.788125
1892.323125
1880.0353125
1923.04265625
1871.8434375
1964.00203125
1816.54828125
1861.60359375
1800.16453125
1974.241875
1832.93203125
1789.9246875
1873.89140625
1947.61828125
1869.79546875
1933.2825
1816.54828125
1783.78078125
1818.59625
1875.939375
1941.474375
1861.60359375
1947.61828125
1884.13125
1837.02796875
1912.8028125
1947.61828125
1851.36375
2002.9134375
1839.0759375
1892.323125
1955.81015625
1902.56296875
1978.3378125
1839.0759375
1873.89140625
1943.52234375
1941.474375
1841.12390625
1947.61828125
1988.57765625
1869.79546875
1920.9946875
1871.8434375
1964.00203125
1839.0759375
1925.090625
1959.90609375
1859.555625
1867.7475
1898.46703125
1832.93203125
1951.71421875
1787.87671875
1812.45234375
1861.60359375
1943.52234375
1980.38578125
1953.7621875
1880.0353125
1966.05
1953.7621875
1882.08328125
1920.9946875
1830.8840625
1773.5409375
1888.2271875
1970.1459375
1966.05
1904.6109375
1941.474375
1794.020625
1898.46703125
1748.9653125
1861.60359375
1937.3784375
2109.4078125
1992.67359375
1976.28984375
1867.7475
1865.69953125
1904.6109375
1931.23453125
1898.46703125
1916.89875
1923.04265625
2002.9134375
1982.43375
1853.41171875
1939.42640625
1800.16453125
1855.4596875
2041.82484375
1873.89140625
2052.0646875
1914.85078125
2045.92078125
1832.93203125
1972.19390625
1986.5296875
1867.7475
1906.65890625
1894.37109375
1892.323125
2095.07203125
1980.38578125
1972.19390625
1933.2825
1896.4190625
1796.06859375
1875.939375
2019.2971875
2095.07203125
1906.65890625
1925.090625
1832.93203125
1900.515
1949.66625
1890.27515625
1828.83609375
1949.66625
1802.2125
1847.2678125
1781.7328125
1929.1865625
1804.26046875
1839.0759375
1867.7475
1943.52234375
1851.36375
1896.4190625
1812.45234375
1847.2678125
1908.706875
1873.89140625
1992.67359375
1882.08328125
1841.12390625
1937.3784375
1894.37109375
1900.515
1959.90609375
1832.93203125
1990.625625
1828.83609375
1800.16453125
1882.08328125
1882.08328125
1998.8175
1816.54828125
1980.38578125
1804.26046875
1877.98734375
1808.35640625
1947.61828125
2004.96140625
1888.2271875
1863.6515625
1863.6515625
1933.2825
1988.57765625
1984.48171875
1834.98
2007.009375
1857.50765625
1941.474375
1865.69953125
1822.6921875
1834.98
1857.50765625
1869.79546875
2068.4484375
1912.8028125
1894.37109375
1953.7621875
1826.788125
1951.71421875
1964.00203125
1830.8840625
1877.98734375
1882.08328125
1918.94671875
1804.26046875
1869.79546875