1421.2903125
1421.2903125
1421.2903125
1423.33828125
1470.4415625
1904.6109375
1839.0759375
1898.46703125
1857.50765625
1978.3378125
1945.5703125
1845.21984375
1890.27515625
1800.16453125
1910.75484375
1898.46703125
1939.42640625
1783.78078125
2064.3525
1892.323125
1953.7621875
2084.8321875
1888.2271875
1875.939375
1863.6515625
1871.8434375
1923.04265625
1955.81015625
1980.38578125
1961.9540625
2023.393125
1853.41171875
1986.5296875
2029.53703125
2074.59234375
1830.8840625
1882.08328125
1914.85078125
2093.0240625
1804.26046875
1900.515
1925.090625
2052.0646875
1939.42640625
2027.4890625
1890.27515625
2000.86546875
2060.2565625
1904.6109375
2078.68828125
2078.68828125
1841.12390625
1890.27515625
1970.1459375
2095.07203125
1843.171875
1839.0759375
1900.515
2035.6809375
2123.74359375
1959.90609375
1959.90609375
1949.66625
1949.66625
1904.6109375
1929.1865625
1941.474375
1820.64421875
2031.585
1912.8028125
2056.160625
1998.8175
1933.2825
1923.04265625
1970.1459375
1957.858125
1927.13859375
1961.9540625
1945.5703125
1966.05
1923.04265625
1984.48171875
1957.858125
1824.74015625
1943.52234375
1918.94671875
2121.695625
1898.46703125
1933.2825
1955.81015625
1970.1459375
2054.11265625
1839.0759375
2027.4890625
1949.66625
2013.15328125
1998.8175
2002.9134375
1972.19390625
1916.89875
1976.28984375
1961.9540625
2045.92078125
1937.3784375
1873.89140625
2076.6403125
1982.43375
1920.9946875
1890.27515625
1953.7621875
1986.5296875
1935.33046875
1851.36375
1857.50765625
2144.22328125
1959.90609375
1783.78078125
2070.49640625
2000.86546875
1867.7475
1955.81015625
2031.585
2027.4890625
1900.515
1980.38578125
1953.7621875
1933.2825
1863.6515625
1882.08328125
2045.92078125
1869.79546875
1769.445
1845.21984375
2017.24921875
1918.94671875
1900.515
1869.79546875
1898.46703125
1994.7215625
1920.9946875
1933.2825
2015.20125
1945.5703125
1964.00203125
1955.81015625
2037.72890625
1982.43375
1834.98
1853.41171875
1994.7215625
1931.23453125
1931.23453125
1910.75484375
1961.9540625
1968.09796875
1873.89140625
1875.939375
1982.43375
1910.75484375
1966.05
1980.38578125
1929.1865625
1947.61828125
1888.2271875
1869.79546875
2002.9134375
1978.3378125
1980.38578125
1906.65890625
1916.89875
1904.6109375
2000.86546875
1943.52234375
1953.7621875
2064.3525
1943.52234375
1980.38578125
2019.2971875
1974.241875
1931.23453125
1822.6921875
1925.090625
1875.939375
1923.04265625
2013.15328125
1894.37109375
2068.4484375
1943.52234375
1867.7475
2117.5996875
1970.1459375
1810.404375
1974.241875
1955.81015625
1961.9540625
1898.46703125
1808.35640625
1988.57765625
1898.46703125
1959.90609375
1898.46703125
1947.61828125
2072.544375
1837.02796875
1988.57765625
1847.2678125
1886.17921875
1880.0353125
1972.19390625
1920.9946875
2117.5996875
1920.9946875
1896.4190625
2031.585
2154.463125
1871.8434375
1937.3784375
1798.1165625
1947.61828125
1937.3784375
2050.01671875
1839.0759375
1974.241875
1943.52234375
1978.3378125
1933.2825
1961.9540625
1951.71421875
1894.37109375
1908.706875
1939.42640625
1875.939375
1912.8028125
1951.71421875
1925.090625
1925.090625
1828.83609375
2052.0646875
1959.90609375
1982.43375
1920.9946875
2056.160625
2109.4078125
1894.37109375
1853.41171875
2060.2565625
1865.69953125
1851.36375
1839.0759375
1861.60359375
2019.2971875
1892.323125
1886.17921875
1888.2271875
1857.50765625
1925.090625
1998.8175
1994.7215625
1900.515
1853.41171875
1994.7215625
1916.89875
1910.75484375
2027.4890625
1996.76953125
1996.76953125
1918.94671875
1906.65890625
1949.66625
1964.00203125
2027.4890625
1832.93203125
1880.0353125
1912.8028125
1882.08328125
1933.2825
1927.13859375
1849.31578125
1877.98734375
1953.7621875
1980.38578125
1830.8840625
2000.86546875
1996.76953125
1867.7475
1964.00203125
1896.4190625
2021.34515625
1961.9540625
1910.75484375
1916.89875
1822.6921875
1964.00203125
1990.625625
1832.93203125
1949.66625
1863.6515625
1933.2825
1910.75484375
1822.6921875
1800.16453125
1771.49296875
1951.71421875
2095.07203125
1920.9946875
1943.52234375
2041.82484375
1896.4190625
1914.85078125
1871.8434375
1882.08328125
1929.1865625
1863.6515625
2007.009375
1986.5296875
1953.7621875
1939.42640625
1992.67359375
1943.52234375
2007.009375
1974.241875
1818.59625
2142.1753125
2004.96140625
1992.67359375
1953.7621875
2043.8728125
1939.42640625
1947.61828125
1986.5296875
2002.9134375
1841.12390625
1910.75484375
1843.171875
1890.27515625
1894.37109375
1994.7215625
1923.04265625
1849.31578125
1949.66625
1777.636875
1937.3784375
1978.3378125
1988.57765625
1873.89140625
1853.41171875
1830.8840625
1918.94671875
1765.3490625
1908.706875
1980.38578125
1863.6515625
1998.8175
1994.7215625
1871.8434375
1941.474375
2007.009375
1855.4596875
1943.52234375
1855.4596875
1996.76953125
1841.12390625
1972.19390625
2019.2971875
1935.33046875
1998.8175
1869.79546875
1904.6109375
1920.9946875
1859.555625
1808.35640625
2004.96140625
1849.31578125
1955.81015625
1955.81015625
1941.474375
1832.93203125
1994.7215625
2039.776875
1837.02796875
1947.61828125
1900.515
1867.7475
1990.625625
1839.0759375
1863.6515625
1953.7621875
1984.48171875
1884.13125
1834.98
2039.776875
2043.8728125
1978.3378125
1992.67359375
1859.555625
1920.9946875
1986.5296875
1953.7621875
2029.53703125
1953.7621875
1904.6109375
1916.89875
2027.4890625
1888.2271875
1941.474375
1847.2678125
1945.5703125
1912.8028125
1867.7475
2041.82484375
1941.474375
2000.86546875
1896.4190625
1906.65890625
1998.8175
1908.706875
1978.3378125
1910.75484375
1839.0759375
1814.5003125
1970.1459375
1871.8434375
1927.13859375
1863.6515625
1900.515
2015.20125
1902.56296875
1880.0353125
1923.04265625
2041.82484375
2009.05734375
1914.85078125
1880.0353125
1896.4190625
2037.72890625
1929.1865625
1941.474375
1961.9540625
1894.37109375
1984.48171875
1841.12390625
1898.46703125
1978.3378125
2041.82484375
1925.090625
1914.85078125
1935.33046875
1851.36375
1896.4190625
2015.20125
1869.79546875
1832.93203125
2052.0646875
1863.6515625
1953.7621875
1964.00203125
1959.90609375
1959.90609375
2027.4890625
1920.9946875
2056.160625
1970.1459375
2070.49640625
1888.2271875
1986.5296875
1970.1459375
1998.8175
1857.50765625
1873.89140625
1830.8840625
2023.393125
1933.2825
1875.939375
1988.57765625
2068.4484375
1961.9540625
1986.5296875
1830.8840625
1832.93203125
1939.42640625
2043.8728125
1900.515
1968.09796875
1787.87671875
1982.43375
1857.50765625
1986.5296875
1892.323125
1941.474375
1816.54828125
1974.241875
1888.2271875
1865.69953125
1830.8840625
1980.38578125
1886.17921875
1906.65890625
1882.08328125
1892.323125
2015.20125
1927.13859375
1834.98
1863.6515625
1923.04265625
2029.53703125
1875.939375
2025.44109375
1980.38578125
1882.08328125
1904.6109375
1863.6515625
1964.00203125
1939.42640625
2060.2565625
1906.65890625
2031.585
1841.12390625
1931.23453125
1933.2825
1888.2271875
1945.5703125
1929.1865625
1920.9946875
1947.61828125
2009.05734375
1937.3784375
1964.00203125
1990.625625
1935.33046875
2000.86546875
1873.89140625
1984.48171875
2027.4890625
2009.05734375
2084.8321875
2009.05734375
1892.323125
1871.8434375
1951.71421875
2002.9134375
1953.7621875
1853.41171875
1974.241875
1931.23453125
1904.6109375
1845.21984375
2111.45578125
1908.706875
1912.8028125
1984.48171875
1933.2825
1980.38578125
1830.8840625
1943.52234375
1855.4596875
1826.788125
1916.89875
1990.625625
1830.8840625
1843.171875
1927.13859375
1910.75484375
1931.23453125
1843.171875
1853.41171875
1982.43375
2007.009375
1916.89875
1863.6515625
1984.48171875
1890.27515625
1847.2678125
2078.68828125
1830.8840625
2047.96875
1957.858125
2004.96140625
1820.64421875
1904.6109375
1929.1865625
1931.23453125
1892.323125
2099.16796875
1892.323125
1964.00203125
1953.7621875
1900.515
1970.1459375
2054.11265625
1957.858125
1982.43375
1970.1459375
1914.85078125
2017.24921875
1859.555625
1953.7621875
2054.11265625
2017.24921875
2062.30453125
1974.241875
1818.59625
1888.2271875
2084.8321875
1955.81015625
2037.72890625
1814.5003125
1982.43375
1830.8840625
1912.8028125
1990.625625
1970.1459375
1834.98
1935.33046875
1970.1459375
1875.939375
1933.2825
2004.96140625
2019.2971875
2023.393125
1976.28984375
1904.6109375
1886.17921875
1996.76953125
1873.89140625
1910.75484375
1880.0353125
1886.17921875
2035.6809375
1968.09796875
1933.2825
1849.31578125
1916.89875
1822.6921875
1882.08328125
1898.46703125
1937.3784375
1824.74015625
1923.04265625
2068.4484375
1978.3378125
1990.625625
1822.6921875
1882.08328125
1877.98734375
1863.6515625
1986.5296875
1974.241875
2050.01671875
1904.6109375
1867.7475
2099.16796875
2037.72890625
1871.8434375
1916.89875
1818.59625
2007.009375
1888.2271875
1964.00203125
2039.776875
1988.57765625
1906.65890625
1998.8175
2041.82484375
1982.43375
1964.00203125
2033.63296875
1855.4596875
1961.9540625
1912.8028125
1832.93203125
1959.90609375
1929.1865625
2039.776875
1943.52234375
1918.94671875
1851.36375
2007.009375
1896.4190625
1947.61828125
1859.555625
2004.96140625
1935.33046875
1814.5003125
1976.28984375
1982.43375
2060.2565625
1929.1865625
1843.171875
2035.6809375
1884.13125
1929.1865625
2017.24921875
1959.90609375
2029.53703125
1880.0353125
1869.79546875
1847.2678125
1982.43375
1904.6109375
2060.2565625
2029.53703125
1824.74015625
2004.96140625
2047.96875
1937.3784375
1929.1865625
1955.81015625
1996.76953125
1910.75484375
1853.41171875
1992.67359375
1931.23453125
1961.9540625
1834.98
2009.05734375
1890.27515625
1953.7621875
1892.323125
1912.8028125
1853.41171875
1884.13125
1927.13859375
1890.27515625
1867.7475
1912.8028125
1841.12390625
1898.46703125
1994.7215625
2101.2159375
1910.75484375
1970.1459375
1877.98734375
1923.04265625
2019.2971875
1892.323125
1961.9540625
1961.9540625
1953.7621875
2033.63296875
1961.9540625
1976.28984375
1884.13125
2015.20125
2013.15328125
1816.54828125
1818.59625
2002.9134375
1900.515
1933.2825
1914.85078125
1898.46703125
1880.0353125
1865.69953125
1941.474375
2027.4890625
2056.160625
1902.56296875
1884.13125
1953.7621875
1935.33046875
1859.555625
1953.7621875
1961.9540625
2015.20125
1871.8434375
1785.82875
1914.85078125
1927.13859375
1920.9946875
1828.83609375
1898.46703125
1945.5703125
1947.61828125
1939.42640625
1839.0759375
1812.45234375
1871.8434375
1935.33046875
1943.52234375
1892.323125
2078.68828125
1880.0353125
1992.67359375
1957.858125
2052.0646875
1904.6109375
2097.12
1867.7475
1916.89875
1933.2825
1964.00203125
1875.939375
1986.5296875
1920.9946875
1957.858125
1869.79546875
2035.6809375
2025.44109375
2035.6809375
1845.21984375
1933.2825
1886.17921875
2021.34515625
1984.48171875
1931.23453125
2039.776875
2007.009375
1908.706875
2058.20859375
1961.9540625
1949.66625
1871.8434375
1970.1459375
2035.6809375
1978.3378125
1986.5296875
1839.0759375
1900.515
1959.90609375
1908.706875
1906.65890625
1931.23453125
1847.2678125
1920.9946875
1822.6921875
1822.6921875
2062.30453125
1923.04265625
2017.24921875
1949.66625
1863.6515625
2086.88015625
1920.9946875
1863.6515625
1966.05
2084.8321875
1941.474375
1908.706875
1822.6921875
1945.5703125
1957.858125
1974.241875
1841.12390625
1935.33046875
1875.939375
1894.37109375
1871.8434375
1826.788125
1953.7621875
1908.706875
2095.07203125
1964.00203125
1996.76953125
1810.404375
1978.3378125
2047.96875
1906.65890625
2000.86546875
1974.241875
1980.38578125
1884.13125
1904.6109375
1955.81015625
1966.05
1884.13125
1882.08328125
1998.8175
1892.323125
1982.43375
1789.9246875
2082.78421875
1955.81015625
1998.8175
1931.23453125
1908.706875
1904.6109375
1871.8434375
2074.59234375
1896.4190625
1882.08328125
1947.61828125
1853.41171875
2025.44109375
2021.34515625
2066.40046875
1818.59625
1923.04265625
2097.12
2088.928125
1986.5296875
1953.7621875
1970.1459375
1826.788125
2007.009375
1865.69953125
2062.30453125
1968.09796875
1941.474375
2021.34515625
2004.96140625
1996.76953125
1877.98734375
1877.98734375
1957.858125
1970.1459375
1996.76953125
1972.19390625
1906.65890625
2103.26390625
1855.4596875
1937.3784375
1980.38578125
1822.6921875
1970.1459375
1939.42640625
1970.1459375
2025.44109375
2033.63296875
1976.28984375
1894.37109375
2027.4890625
1933.2825
1945.5703125
1859.555625
1920.9946875
1939.42640625
1890.27515625
1832.93203125
1949.66625
1791.97265625
1906.65890625
1904.6109375
1888.2271875
1904.6109375
1941.474375
1867.7475
1941.474375
1857.50765625
2064.3525
1882.08328125
1890.27515625
1933.2825
1953.7621875
1994.7215625
2101.2159375
1886.17921875
1990.625625
1943.52234375
2027.4890625
2045.92078125
1900.515
2052.0646875
1904.6109375
1816.54828125
1914.85078125
1904.6109375
1961.9540625
1990.625625
1859.555625
1933.2825
1933.2825
2125.7915625
2119.64765625
1964.00203125
1896.4190625
1898.46703125
1959.90609375
1923.04265625
1996.76953125
1947.61828125
1945.5703125
1929.1865625
1920.9946875
1873.89140625
1955.81015625
1994.7215625
1806.3084375
1974.241875
1998.8175
1968.09796875
1890.27515625
1800.16453125
1857.50765625
1949.66625
1949.66625
1929.1865625
1953.7621875
1884.13125
1931.23453125
1920.9946875
1781.7328125
1968.09796875
1953.7621875
1892.323125
2035.6809375
2037.72890625
1890.27515625
2023.393125
1984.48171875
1818.59625
1929.1865625
1875.939375
2095.07203125
1867.7475
1972.19390625
1920.9946875
1908.706875
1925.090625
1964.00203125
2017.24921875
1910.75484375
1943.52234375
1933.2825
2144.22328125
2095.07203125
1951.71421875
1945.5703125
1830.8840625
2054.11265625
1923.04265625
2021.34515625
2007.009375
1904.6109375
2027.4890625
2070.49640625
1920.9946875
1931.23453125
1826.788125
1880.0353125
2060.2565625
1941.474375
1918.94671875
1863.6515625
1783.78078125
2004.96140625
1953.7621875
1929.1865625
1970.1459375
1923.04265625
1912.8028125
1996.76953125
2011.1053125
2007.009375
1875.939375
1789.9246875
1929.1865625
1902.56296875
1937.3784375
1865.69953125
1920.9946875
1886.17921875
1900.515
1888.2271875
1857.50765625
2043.8728125
1949.66625
1947.61828125
1890.27515625
1896.4190625
2035.6809375
1867.7475
2047.96875
1871.8434375
1990.625625
1894.37109375
1820.64421875
2019.2971875
1941.474375
1939.42640625
1877.98734375
1933.2825
2033.63296875
1914.85078125
1959.90609375
1781.7328125
1857.50765625
1945.5703125
1923.04265625
2025.44109375
1857.50765625
1837.02796875
1970.1459375
1908.706875
1779.68484375
1994.7215625
1949.66625
1998.8175
1994.7215625
2047.96875
1957.858125
1906.65890625
2013.15328125
1867.7475
2074.59234375
2090.97609375
1982.43375
1920.9946875
1982.43375
1906.65890625
1966.05
2023.393125
2052.0646875
1900.515
2050.01671875
2050.01671875
1929.1865625
1855.4596875
1943.52234375
1959.90609375
1959.90609375
2062.30453125
1890.27515625
1961.9540625
1933.2825
1982.43375
2082.78421875
1873.89140625
1867.7475
1861.60359375
1970.1459375
2129.8875
1886.17921875
1753.06125
2043.8728125
2009.05734375
1910.75484375
1925.090625
1923.04265625
1880.0353125
1814.5003125
2027.4890625
2021.34515625
2011.1053125
1861.60359375
1812.45234375
1951.71421875
2015.20125
1990.625625
1884.13125
2013.15328125
1908.706875
1923.04265625
1961.9540625
1824.74015625
1910.75484375
1980.38578125
1892.323125
1970.1459375
1847.2678125
1972.19390625
1880.0353125
1974.241875
1841.12390625
1961.9540625
2004.96140625
1849.31578125
1970.1459375
1918.94671875
1855.4596875
2023.393125
1925.090625
1929.1865625
1929.1865625
1853.41171875
1914.85078125
1832.93203125
1982.43375
1943.52234375
1880.0353125
2056.160625
1935.33046875
1910.75484375
1980.38578125
1890.27515625
1920.9946875
1976.28984375
1898.46703125
1904.6109375
1945.5703125
2000.86546875
1925.090625
2021.34515625
1863.6515625
1857.50765625
1935.33046875
1953.7621875
1923.04265625
1953.7621875
1925.090625
2095.07203125
1847.2678125
2013.15328125
1916.89875
1978.3378125
1806.3084375
1937.3784375
1980.38578125
1941.474375
1890.27515625
1964.00203125
1933.2825
1871.8434375
1925.090625
1994.7215625
1908.706875
2004.96140625
2013.15328125
1968.09796875
1933.2825
1955.81015625
1916.89875
1961.9540625
1826.788125
1812.45234375
2002.9134375
2072.544375
1925.090625
1908.706875
1888.2271875
1875.939375
1974.241875
1970.1459375
1892.323125
2002.9134375
1949.66625
2078.68828125
2052.0646875
2007.009375
1890.27515625
1863.6515625
1978.3378125
2002.9134375
1910.75484375
1898.46703125
1916.89875
1863.6515625
1920.9946875
1957.858125
2021.34515625
1894.37109375
1906.65890625
1929.1865625
1949.66625
1937.3784375
1865.69953125
1906.65890625
2115.55171875
1904.6109375
2041.82484375
1779.68484375
1980.38578125
1865.69953125
1867.7475
1945.5703125
1845.21984375
1853.41171875
1953.7621875
1953.7621875
2086.88015625
1869.79546875
1945.5703125
1871.8434375
1869.79546875
1920.9946875
2007.009375
2021.34515625
1970.1459375
1900.515
2062.30453125
1884.13125
1865.69953125
2011.1053125
1949.66625
1961.9540625
1908.706875
2031.585
1953.7621875
1908.706875
1933.2825
1855.4596875
1937.3784375
1947.61828125
1998.8175
2007.009375
1843.171875
1974.241875
1988.57765625
1910.75484375
1888.2271875
2111.45578125
1912.8028125
1865.69953125
1957.858125
1816.54828125
1898.46703125
1920.9946875
1898.46703125
2007.009375
1982.43375
1949.66625
1949.66625
1964.00203125
1845.21984375
1912.8028125
1898.46703125
1886.17921875
1877.98734375
1943.52234375
2011.1053125
2023.393125
1845.21984375
1961.9540625
1908.706875
1851.36375
1986.5296875
1998.8175
1888.2271875
1802.2125
1888.2271875
1818.59625
1914.85078125
1978.3378125
1884.13125
1994.7215625
1929.1865625
1953.7621875
1925.090625
1906.65890625
1949.66625
1882.08328125
1920.9946875
1871.8434375
1912.8028125
1853.41171875
1816.54828125
1988.57765625
1970.1459375
2015.20125
2086.88015625
1982.43375
1906.65890625
1957.858125
1900.515
1980.38578125
2023.393125
2076.6403125
2045.92078125
1896.4190625
1947.61828125
1984.48171875
1873.89140625
1884.13125
1961.9540625
1959.90609375
2043.8728125
1931.23453125
2019.2971875
1941.474375
1869.79546875
1964.00203125
1906.65890625
1888.2271875
1791.97265625
1888.2271875
1939.42640625
1896.4190625
2027.4890625
1912.8028125
1988.57765625
2047.96875
1961.9540625
1857.50765625
1957.858125
1906.65890625
1988.57765625
1970.1459375
2021.34515625
1953.7621875
2125.7915625
2097.12
1896.4190625
1912.8028125
1912.8028125
1863.6515625
2007.009375
1968.09796875
2041.82484375
1929.1865625
2043.8728125
1953.7621875
1945.5703125
1959.90609375
1980.38578125
1935.33046875
1906.65890625
1855.4596875
2125.7915625
1925.090625
2052.0646875
1822.6921875
2025.44109375
1959.90609375
1904.6109375
1925.090625
1916.89875
1892.323125
1888.2271875
1994.7215625
2129.8875
1990.625625
1964.00203125
1927.13859375
1961.9540625
1910.75484375
1898.46703125
2025.44109375
2023.393125
1898.46703125
2015.20125
2037.72890625
1970.1459375
1937.3784375
1949.66625
1941.474375
1955.81015625
2017.24921875
1886.17921875
2007.009375
1896.4190625
1898.46703125
1980.38578125
1910.75484375
1912.8028125
1902.56296875
2021.34515625
1890.27515625
1920.9946875
1914.85078125
1920.9946875
2056.160625
1906.65890625
2037.72890625
2013.15328125
1964.00203125
1955.81015625
1867.7475
1941.474375
1896.4190625
1986.5296875
1949.66625
1966.05
1976.28984375
1923.04265625
1775.58890625
1951.71421875
2002.9134375
1912.8028125
1970.1459375
2187.230625
1886.17921875
1947.61828125
1896.4190625
2093.0240625
2000.86546875
1875.939375
1923.04265625
2052.0646875
2009.05734375
1892.323125
1947.61828125
2043.8728125
1910.75484375
1988.57765625
1863.6515625
1961.9540625
1912.8028125
1927.13859375
2011.1053125
1931.23453125
1951.71421875
1902.56296875
1949.66625
1966.05
2060.2565625
1961.9540625
1957.858125
1935.33046875
2031.585
1855.4596875
1947.61828125
2058.20859375
1871.8434375
1947.61828125
1935.33046875
2109.4078125
1943.52234375
1925.090625
1857.50765625
1894.37109375
1982.43375
1900.515
1986.5296875
1888.2271875
1888.2271875
2088.928125
1951.71421875
1877.98734375
1970.1459375
1996.76953125
1955.81015625
1880.0353125
1892.323125
1851.36375
1847.2678125
1949.66625
2228.19
2037.72890625
2054.11265625
1890.27515625
1929.1865625
1865.69953125
1914.85078125
1929.1865625
1822.6921875
1947.61828125
2029.53703125
1904.6109375
1931.23453125
1898.46703125
1988.57765625
2013.15328125
2000.86546875
2007.009375
2047.96875
1794.020625
2058.20859375
1859.555625
1851.36375
1929.1865625
1931.23453125
1880.0353125
1863.6515625
1978.3378125
1800.16453125
2062.30453125
1994.7215625
1865.69953125
1779.68484375
1892.323125
1929.1865625
2011.1053125
1906.65890625
1875.939375
2002.9134375
2011.1053125
2019.2971875
1961.9540625
1947.61828125
2031.585
1902.56296875
1892.323125
1875.939375
1968.09796875
1918.94671875
1886.17921875
1933.2825
1818.59625
2088.928125
1968.09796875
1931.23453125
2039.776875
1972.19390625
1986.5296875
1953.7621875
1906.65890625
1910.75484375
2060.2565625
2107.35984375
1904.6109375
1955.81015625
1978.3378125
1906.65890625
2019.2971875
1923.04265625
1837.02796875
1873.89140625
2000.86546875
1865.69953125
2035.6809375
2013.15328125
1873.89140625
1896.4190625
1949.66625
1859.555625
2035.6809375
1826.788125
1980.38578125
2086.88015625
1953.7621875
1964.00203125
1980.38578125
1920.9946875
1945.5703125
1947.61828125
1935.33046875
1959.90609375
1890.27515625
1882.08328125
2023.393125
1869.79546875
1906.65890625
1837.02796875
2021.34515625
1845.21984375
1939.42640625
1961.9540625
2007.009375
1939.42640625
1931.23453125
1982.43375
1830.8840625
1914.85078125
1939.42640625
1894.37109375
2041.82484375
2007.009375
1970.1459375
1992.67359375
2021.34515625
1931.23453125
1923.04265625
1951.71421875
1867.7475
1953.7621875
1867.7475
1882.08328125
1918.94671875
1998.8175
2062.30453125
1945.5703125
1882.08328125
1834.98
1929.1865625
1882.08328125
1822.6921875
1763.30109375
1900.515
1937.3784375
2097.12
1957.858125
1964.00203125
1808.35640625
1941.474375
1916.89875
1912.8028125
1908.706875
1916.89875
1900.515
1867.7475
2052.0646875
1961.9540625
1966.05
1964.00203125
1972.19390625
1888.2271875
2023.393125
1953.7621875
2029.53703125
2062.30453125
1923.04265625
1920.9946875
1810.404375
2047.96875
1808.35640625
1945.5703125
1925.090625
1976.28984375
1834.98
1931.23453125
1937.3784375
1841.12390625
1951.71421875
2045.92078125
1920.9946875
1916.89875
1880.0353125
1957.858125
1892.323125
1931.23453125
1900.515
1980.38578125
1945.5703125
1814.5003125
1994.7215625
1826.788125
1880.0353125
1978.3378125
1918.94671875
1914.85078125
1927.13859375
1912.8028125
1996.76953125
1912.8028125
1968.09796875
1867.7475
1830.8840625
1929.1865625
1818.59625
1910.75484375
1863.6515625
1843.171875
1918.94671875
2019.2971875
1888.2271875
2017.24921875
1853.41171875
1970.1459375
1933.2825
1890.27515625
2023.393125
2011.1053125
1789.9246875
1955.81015625
1968.09796875
2015.20125
1949.66625
1996.76953125
1929.1865625
2058.20859375
1974.241875
1908.706875
1828.83609375
1855.4596875
1972.19390625
1898.46703125
1847.2678125
1961.9540625
2043.8728125
1859.555625
1949.66625
1955.81015625
1892.323125
1800.16453125
1888.2271875
1935.33046875
1816.54828125
1957.858125
1769.445
1980.38578125
1994.7215625
2007.009375
2007.009375
1988.57765625
1798.1165625
1994.7215625
1814.5003125
2013.15328125
1775.58890625
1920.9946875
1916.89875
1927.13859375
1972.19390625
1896.4190625
1888.2271875
1972.19390625
1873.89140625
1916.89875
1920.9946875
2115.55171875
1920.9946875
1908.706875
1896.4190625
1994.7215625
1943.52234375
2078.68828125
1869.79546875
2015.20125
1916.89875
2074.59234375
1945.5703125
2004.96140625
1898.46703125
1880.0353125
2009.05734375
2021.34515625
1861.60359375
1877.98734375
1966.05
1906.65890625
1978.3378125
1955.81015625
1744.869375
1923.04265625
1998.8175
2004.96140625
1931.23453125
1986.5296875
2080.73625
1964.00203125
1996.76953125
2013.15328125
1929.1865625
1941.474375
1910.75484375
2033.63296875
1906.65890625
1880.0353125
1857.50765625
1826.788125
1968.09796875
1880.0353125
1992.67359375
1912.8028125
1927.13859375
1937.3784375
1822.6921875
1863.6515625
1781.7328125
1951.71421875
2052.0646875
1867.7475
1996.76953125
1990.625625
1988.57765625
1904.6109375
1937.3784375
1822.6921875
1863.6515625
1945.5703125
1824.74015625
1871.8434375
1972.19390625
1920.9946875
1945.5703125
1912.8028125
1966.05
1945.5703125
1933.2825
1953.7621875
1851.36375
1900.515
1920.9946875
1877.98734375
1882.08328125
1931.23453125
1974.241875
1961.9540625
1855.4596875
1998.8175
1837.02796875
2037.72890625
1902.56296875
1918.94671875
2000.86546875
2043.8728125
2101.2159375
2297.8209375
2066.40046875
2211.80625
2076.6403125
2099.16796875
2101.2159375
2029.53703125
2123.74359375
2080.73625
1959.90609375
1992.67359375
1875.939375
2045.92078125
1980.38578125
1861.60359375
1798.1165625
1953.7621875
1920.9946875
1890.27515625
1976.28984375
1953.7621875
1996.76953125
1933.2825
2011.1053125
2013.15328125
1843.171875
1920.9946875
1949.66625
1980.38578125
1910.75484375
1957.858125
1839.0759375
1986.5296875
1896.4190625
1839.0759375
1937.3784375
1861.60359375
1943.52234375
1943.52234375
1875.939375
1929.1865625
1974.241875
2060.2565625
1845.21984375
1853.41171875
1982.43375
1929.1865625
1859.555625
1955.81015625
1957.858125
1920.9946875
1904.6109375
2033.63296875
1892.323125
2004.96140625
1845.21984375
1931.23453125
1791.97265625
1920.9946875
2203.614375
1974.241875
1880.0353125
1869.79546875
1931.23453125
1808.35640625
1908.706875
2031.585
1941.474375
1970.1459375
1914.85078125
2101.2159375
2002.9134375
1994.7215625
1877.98734375
1937.3784375
1970.1459375
1994.7215625
1980.38578125
2187.230625
1920.9946875
1929.1865625
1966.05
1953.7621875
1916.89875
2045.92078125
2082.78421875
1978.3378125
2043.8728125
2072.544375
1898.46703125
2136.03140625
2066.40046875
2064.3525
1988.57765625
2007.009375
2078.68828125
2420.6990625
3448.779375
5771.1759375
9994.0875
15963.91640625
23252.6371875
32155.15734375
41088.39703125
47582.5059375
51657.96375
53841.0984375
50838.77625
44922.19453125
38784.4321875
31684.12453125
24878.724375
19341.016875
15347.4778125
12085.06359375
9783.14671875
7767.94546875
6338.46328125
5064.62671875
4210.62375
3772.3584375
3205.07109375
2791.38140625
2543.5771875
2340.82828125
2242.52578125
2107.35984375
2174.9428125
2215.9021875
2111.45578125
2101.2159375
2045.92078125
2033.63296875
2031.585
2011.1053125
2193.37453125
2093.0240625
1894.37109375
1988.57765625
1982.43375
2095.07203125
1906.65890625
2043.8728125
1920.9946875
2047.96875
1994.7215625
1882.08328125
2039.776875
1882.08328125
1994.7215625
1949.66625
1920.9946875
1929.1865625
1957.858125
2007.009375
1986.5296875
1945.5703125
2086.88015625
2117.5996875
1982.43375
2056.160625
1873.89140625
1976.28984375
1923.04265625
1978.3378125
1945.5703125
2209.75828125
2007.009375
1867.7475
2060.2565625
2021.34515625
1908.706875
1998.8175
2052.0646875
1886.17921875
2052.0646875
2045.92078125
1890.27515625
1996.76953125
2017.24921875
2031.585
1865.69953125
1892.323125
1914.85078125
2052.0646875
1869.79546875
2054.11265625
2004.96140625
2013.15328125
1916.89875
2037.72890625
1851.36375
2011.1053125
1918.94671875
2060.2565625
1978.3378125
2093.0240625
1976.28984375
1904.6109375
1923.04265625
1957.858125
1882.08328125
1773.5409375
1996.76953125
2062.30453125
1859.555625
2013.15328125
1882.08328125
1873.89140625
1998.8175
1994.7215625
1941.474375
1939.42640625
1826.788125
1978.3378125
2007.009375
2111.45578125
1896.4190625
1869.79546875
1974.241875
1820.64421875
1970.1459375
1888.2271875
1923.04265625
2150.3671875
2043.8728125
2011.1053125
2064.3525
1859.555625
1826.788125
1982.43375
1851.36375
2002.9134375
1904.6109375
1882.08328125
1970.1459375
2068.4484375
2050.01671875
2027.4890625
1994.7215625
1884.13125
1925.090625
1882.08328125
1929.1865625
1894.37109375
1970.1459375
1849.31578125
1800.16453125
1980.38578125
1923.04265625
1789.9246875
1947.61828125
1906.65890625
1810.404375
1816.54828125
1943.52234375
2019.2971875
1853.41171875
1939.42640625
1859.555625
1970.1459375
1920.9946875
1777.636875
1918.94671875
2027.4890625
1945.5703125
1863.6515625
1896.4190625
2072.544375
1906.65890625
1912.8028125
2004.96140625
1826.788125
2029.53703125
1914.85078125
1871.8434375
1839.0759375
1728.485625
2037.72890625
2039.776875
1920.9946875
2074.59234375
2023.393125
1986.5296875
1959.90609375
2021.34515625
1871.8434375
1902.56296875
1830.8840625
1920.9946875
1974.241875
1890.27515625
1873.89140625
1964.00203125
2066.40046875
1929.1865625
1972.19390625
1894.37109375
2017.24921875
1931.23453125
2019.2971875
1902.56296875
1937.3784375
1972.19390625
2037.72890625
1935.33046875
1945.5703125
1777.636875
1804.26046875
1978.3378125
1974.241875
1955.81015625
1966.05
1765.3490625
1837.02796875
1929.1865625
2052.0646875
2070.49640625
1953.7621875
1900.515
1894.37109375
2004.96140625
1896.4190625
1949.66625
1966.05
1955.81015625
2002.9134375
1812.45234375
1957.858125
1980.38578125
1984.48171875
1994.7215625
1857.50765625
1929.1865625
2050.01671875
1929.1865625
1972.19390625
2009.05734375
1865.69953125
2027.4890625
1847.2678125
1953.7621875
2045.92078125
1828.83609375
2000.86546875
1947.61828125
1931.23453125
1892.323125
1929.1865625
1912.8028125
1990.625625
1822.6921875
1990.625625
1890.27515625
1857.50765625
1912.8028125
1937.3784375
1923.04265625
1955.81015625
2027.4890625
2156.51109375
1923.04265625
2013.15328125
1875.939375
2090.97609375
1968.09796875
1964.00203125
1923.04265625
1966.05
1953.7621875
1937.3784375
1955.81015625
2025.44109375
1931.23453125
1863.6515625
1871.8434375
2031.585
1943.52234375
1982.43375
1902.56296875
2095.07203125
1947.61828125
1906.65890625
2054.11265625
2011.1053125
1904.6109375
1888.2271875
1863.6515625
1992.67359375
1992.67359375
1916.89875
1767.39703125
1966.05
1994.7215625
1961.9540625
1978.3378125
1890.27515625
1925.090625
1970.1459375
1896.4190625
1914.85078125
1855.4596875
1781.7328125
1945.5703125
2013.15328125
1970.1459375
1980.38578125
2007.009375
2007.009375
1843.171875
2004.96140625
1961.9540625
1931.23453125
1925.090625
1898.46703125
1925.090625
1904.6109375
1877.98734375
1873.89140625
1839.0759375
2035.6809375
1968.09796875
2074.59234375
1916.89875
1912.8028125
1980.38578125
1929.1865625
2004.96140625
1892.323125
1937.3784375
1859.555625
1947.61828125
2031.585
1830.8840625
1857.50765625
1718.24578125
1992.67359375
1990.625625
1937.3784375
1980.38578125
1884.13125
1953.7621875
2015.20125
2041.82484375
2056.160625
1851.36375
2074.59234375
1777.636875
2035.6809375
2066.40046875
2056.160625
1841.12390625
2007.009375
1894.37109375
1939.42640625
1998.8175
1869.79546875
2062.30453125
1953.7621875
2013.15328125
1964.00203125
2045.92078125
2013.15328125
1959.90609375
1873.89140625
2000.86546875
1843.171875
1869.79546875
1863.6515625
1869.79546875
2056.160625
1853.41171875
1912.8028125
1892.323125
1916.89875
1941.474375
2002.9134375
1955.81015625
2025.44109375
1947.61828125
1953.7621875
1914.85078125
1953.7621875
1908.706875
1920.9946875
1916.89875
1935.33046875
1904.6109375
1859.555625
1847.2678125
1923.04265625
1994.7215625
1941.474375
1843.171875
2017.24921875
1904.6109375
1947.61828125
1914.85078125
1888.2271875
1931.23453125
1933.2825
2017.24921875
2033.63296875
1839.0759375
1988.57765625
1832.93203125
1939.42640625
1886.17921875
1839.0759375
1877.98734375
2017.24921875
2011.1053125
1978.3378125
2045.92078125
1794.020625
1906.65890625
1949.66625
1998.8175
1861.60359375
1859.555625
2090.97609375
1923.04265625
1855.4596875
2019.2971875
1880.0353125
1953.7621875
1877.98734375
2011.1053125
1966.05
2025.44109375
1943.52234375
1986.5296875
2062.30453125
1994.7215625
2015.20125
2007.009375
1847.2678125
1882.08328125
1859.555625
1957.858125
2023.393125
1910.75484375
1925.090625
1892.323125
2068.4484375
1943.52234375
1861.60359375
1957.858125
1966.05
2019.2971875
1824.74015625
1906.65890625
1961.9540625
1898.46703125
1857.50765625
1857.50765625
1970.1459375
1863.6515625
1820.64421875
1904.6109375
1910.75484375
1941.474375
1898.46703125
2015.20125
1910.75484375
1910.75484375
1978.3378125
1877.98734375
1949.66625
1773.5409375
1865.69953125
1923.04265625
2035.6809375
1832.93203125
1865.69953125
2029.53703125
2013.15328125
1945.5703125
1775.58890625
1882.08328125
1918.94671875
1925.090625
1880.0353125
1988.57765625
1923.04265625
1863.6515625
1923.04265625
1759.20515625
1871.8434375
1871.8434375
1867.7475
2002.9134375
1996.76953125
1882.08328125
1841.12390625
1961.9540625
1937.3784375
1865.69953125
1990.625625
1998.8175
1837.02796875
1996.76953125
1890.27515625
1945.5703125
1920.9946875
1910.75484375
2009.05734375
2007.009375
1892.323125
1943.52234375
1912.8028125
1869.79546875
1816.54828125
1918.94671875
1955.81015625
1916.89875
1937.3784375
1896.4190625
2031.585
2058.20859375
1939.42640625
2086.88015625
2039.776875
1871.8434375
1914.85078125
1988.57765625
1908.706875
1847.2678125
2043.8728125
1871.8434375
1982.43375
1955.81015625
1980.38578125
1912.8028125
1908.706875
2017.24921875
1943.52234375
1877.98734375
1886.17921875
1927.13859375
2007.009375
1986.5296875
1877.98734375
1855.4596875
1845.21984375
1900.515
1982.43375
1968.09796875
2027.4890625
1943.52234375
1890.27515625
2002.9134375
1904.6109375
2068.4484375
1873.89140625
1912.8028125
2007.009375
1929.1865625
2025.44109375
2160.60703125
2140.12734375
2265.0534375
2158.5590625
2254.81359375
2172.89484375
2045.92078125
2158.5590625
2039.776875
2093.0240625
1832.93203125
1894.37109375
1923.04265625
2031.585
1964.00203125
1896.4190625
2131.93546875
1970.1459375
1964.00203125
1912.8028125
1875.939375
2037.72890625
1796.06859375
1884.13125
2060.2565625
1898.46703125
2000.86546875
2039.776875
1998.8175
1974.241875
1904.6109375
2037.72890625
1953.7621875
2111.45578125
2043.8728125
1968.09796875
1945.5703125
1955.81015625
2021.34515625
2019.2971875
1896.4190625
1923.04265625
1996.76953125
1908.706875
1914.85078125
1894.37109375
1923.04265625
1961.9540625
2068.4484375
1912.8028125
1853.41171875
2002.9134375
2007.009375
2076.6403125
2133.9834375
2068.4484375
2093.0240625
2062.30453125
2129.8875
2019.2971875
2000.86546875
1871.8434375
2084.8321875
2011.1053125
2039.776875
2054.11265625
1908.706875
1896.4190625
1980.38578125
1894.37109375
1906.65890625
1867.7475
2002.9134375
2002.9134375
1826.788125
1988.57765625
2103.26390625
2033.63296875
1814.5003125
1937.3784375
1923.04265625
1875.939375
2054.11265625
1986.5296875
1929.1865625
1982.43375
1972.19390625
2019.2971875
1972.19390625
1847.2678125
1986.5296875
1984.48171875
1845.21984375
1923.04265625
1968.09796875
1871.8434375
2078.68828125
1992.67359375
1955.81015625
1849.31578125
1867.7475
1810.404375
1900.515
1806.3084375
1961.9540625
1904.6109375
1923.04265625
1929.1865625
1904.6109375
1959.90609375
2027.4890625
1880.0353125
1849.31578125
1939.42640625
1947.61828125
1869.79546875
1871.8434375
1871.8434375
2013.15328125
1953.7621875
1949.66625
1951.71421875
1884.13125
1904.6109375
1957.858125
1951.71421875
1908.706875
1925.090625
1884.13125
1937.3784375
1902.56296875
1894.37109375
1875.939375
1994.7215625
2107.35984375
2002.9134375
1929.1865625
2029.53703125
1892.323125
1808.35640625
1953.7621875
1875.939375
2029.53703125
1990.625625
1955.81015625
1994.7215625
1947.61828125
1964.00203125
1892.323125
1966.05
1988.57765625
1984.48171875
1974.241875
2033.63296875
2062.30453125
2125.7915625
1861.60359375
1884.13125
1918.94671875
1974.241875
2064.3525
1929.1865625
1861.60359375
1927.13859375
1884.13125
2019.2971875
2070.49640625
1980.38578125
1994.7215625
2029.53703125
1961.9540625
1925.090625
1935.33046875
2007.009375
1896.4190625
1931.23453125
1912.8028125
1920.9946875
1767.39703125
1918.94671875
2060.2565625
2033.63296875
1900.515
1964.00203125
1939.42640625
1847.2678125
1912.8028125
1871.8434375
1929.1865625
1951.71421875
1994.7215625
1990.625625
2023.393125
2002.9134375
1974.241875
1976.28984375
2127.83953125
1994.7215625
1978.3378125
1918.94671875
1816.54828125
1923.04265625
1873.89140625
1970.1459375
1982.43375
1972.19390625
1867.7475
2023.393125
1957.858125
1853.41171875
1998.8175
1890.27515625
1841.12390625
1884.13125
2021.34515625
2031.585
1972.19390625
1923.04265625
1943.52234375
1966.05
1990.625625
1929.1865625
1943.52234375
2011.1053125
2256.8615625
2160.60703125
2166.7509375
2209.75828125
2363.3559375
2064.3525
1984.48171875
2199.5184375
2099.16796875
2002.9134375
1941.474375
1920.9946875
2009.05734375
2043.8728125
1777.636875
1998.8175
1955.81015625
1978.3378125
1966.05
1900.515
1880.0353125
2023.393125
1822.6921875
1945.5703125
1925.090625
1959.90609375
2052.0646875
1923.04265625
1982.43375
2027.4890625
2027.4890625
1914.85078125
2027.4890625
2011.1053125
2015.20125
1857.50765625
1892.323125
1982.43375
1904.6109375
2029.53703125
1994.7215625
1861.60359375
2035.6809375
1931.23453125
2054.11265625
1980.38578125
1970.1459375
1972.19390625
2021.34515625
1830.8840625
1937.3784375
1937.3784375
1982.43375
2021.34515625
1980.38578125
2027.4890625
1851.36375
1953.7621875
1912.8028125
1990.625625
1974.241875
1880.0353125
2025.44109375
2025.44109375
2146.27125
2078.68828125
2179.03875
2176.99078125
2158.5590625
2275.29328125
2181.08671875
2240.4778125
2217.95015625
2326.4925
2244.57375
2150.3671875
2146.27125
2234.33390625
1996.76953125
2222.04609375
2099.16796875
2078.68828125
2058.20859375
2070.49640625
2107.35984375
1966.05
1886.17921875
1994.7215625
1853.41171875
2002.9134375
1822.6921875
1822.6921875
2039.776875
2015.20125
1869.79546875
1980.38578125
1882.08328125
2007.009375
2045.92078125
2041.82484375
2045.92078125
1918.94671875
1970.1459375
1906.65890625
1929.1865625
1982.43375
1898.46703125
1847.2678125
1912.8028125
1978.3378125
2047.96875
1906.65890625
1970.1459375
1925.090625
1931.23453125
2054.11265625
1929.1865625
1824.74015625
1986.5296875
1900.515
2013.15328125
2172.89484375
2027.4890625
2127.83953125
1955.81015625
1986.5296875
1974.241875
1896.4190625
1964.00203125
1916.89875
2009.05734375
1791.97265625
1998.8175
2088.928125
2109.4078125
2482.138125
2688.98296875
2867.15625
3020.75390625
2990.034375
2924.499375
2731.9903125
2543.5771875
2562.00890625
2408.41125
2252.765625
2269.149375
2201.56640625
2138.079375
2232.2859375
2160.60703125
2306.0128125
2412.5071875
2529.24140625
2422.74703125
2551.7690625
2377.69171875
2418.65109375
2236.381875
2162.655
2172.89484375
2103.26390625
2099.16796875
2074.59234375
2029.53703125
2033.63296875
2025.44109375
2052.0646875
2011.1053125
1990.625625
2236.381875
2219.998125
2269.149375
2240.4778125
2265.0534375
2455.51453125
2199.5184375
2275.29328125
2164.70296875
2082.78421875
2125.7915625
2033.63296875
2185.18265625
2113.50375
2338.7803125
2494.4259375
2420.6990625
2494.4259375
2527.1934375
2498.521875
2240.4778125
2263.00546875
2232.2859375
2072.544375
2084.8321875
1992.67359375
1933.2825
2009.05734375
1982.43375
2123.74359375
1941.474375
1931.23453125
1986.5296875
2004.96140625
1970.1459375
1998.8175
1861.60359375
1978.3378125
1867.7475
1925.090625
1957.858125
1933.2825
1923.04265625
1796.06859375
1904.6109375
2000.86546875
1945.5703125
1945.5703125
1900.515
1949.66625
1904.6109375
2027.4890625
1904.6109375
1959.90609375
1984.48171875
2047.96875
1918.94671875
1853.41171875
1974.241875
2029.53703125
1935.33046875
1974.241875
1992.67359375
2021.34515625
2029.53703125
1976.28984375
1843.171875
1935.33046875
1900.515
2045.92078125
1908.706875
1845.21984375
2054.11265625
1843.171875
1923.04265625
1974.241875
1974.241875
2000.86546875
1949.66625
1970.1459375
1875.939375
1953.7621875
1994.7215625
1859.555625
1863.6515625
1837.02796875
1978.3378125
1914.85078125
2062.30453125
1904.6109375
1996.76953125
1830.8840625
1849.31578125
1943.52234375
1896.4190625
1888.2271875
1884.13125
1877.98734375
1970.1459375
2037.72890625
1949.66625
1951.71421875
2086.88015625
1964.00203125
1867.7475
1845.21984375
2052.0646875
1978.3378125
1920.9946875
1841.12390625
1814.5003125
1947.61828125
1959.90609375
1830.8840625
1947.61828125
1914.85078125
2039.776875
1925.090625
2029.53703125
1982.43375
1890.27515625
1920.9946875
1800.16453125
1945.5703125
1929.1865625
1896.4190625
2070.49640625
1972.19390625
1888.2271875
1937.3784375
1894.37109375
1982.43375
1941.474375
1896.4190625
1873.89140625
1888.2271875
2041.82484375
2111.45578125
1953.7621875
2158.5590625
2136.03140625
2248.6696875
2197.47046875
2295.77296875
2105.311875
2074.59234375
2019.2971875
2095.07203125
2031.585
2043.8728125
2019.2971875
1978.3378125
1910.75484375
1968.09796875
1855.4596875
2015.20125
2033.63296875
1892.323125
1847.2678125
2000.86546875
1916.89875
1851.36375
1902.56296875
2004.96140625
1824.74015625
1931.23453125
1927.13859375
1923.04265625
1931.23453125
2019.2971875
2101.2159375
2181.08671875
2150.3671875
1996.76953125
2369.49984375
2217.95015625
2115.55171875
2185.18265625
2322.3965625
2273.2453125
2174.9428125
4231.1034375
1996.76953125
2103.26390625
1968.09796875
1953.7621875
1939.42640625
2127.83953125
1990.625625
1968.09796875
1871.8434375
1908.706875
1912.8028125
1822.6921875
1957.858125
2052.0646875
1906.65890625
1855.4596875
1953.7621875
1986.5296875
1933.2825
1871.8434375
1884.13125
1886.17921875
1955.81015625
1931.23453125
1945.5703125
1830.8840625
1849.31578125
1980.38578125
1968.09796875
1961.9540625
1986.5296875
1787.87671875
2080.73625
2070.49640625
1755.10921875
1931.23453125
1937.3784375
1931.23453125
2000.86546875
1982.43375
1992.67359375
2109.4078125
2047.96875
2234.33390625
2324.44453125
2463.70640625
2414.55515625
2592.7284375
2736.08625
3131.34421875
3090.38484375
3176.39953125
3395.5321875
3313.6134375
3010.5140625
2707.4146875
2600.9203125
2357.21203125
2383.835625
2324.44453125
2099.16796875
2064.3525
2191.3265625
2052.0646875
1964.00203125
2058.20859375
1914.85078125
2015.20125
1972.19390625
1941.474375
2103.26390625
2025.44109375
1906.65890625
2070.49640625
1769.445
1937.3784375
1781.7328125
1925.090625
1798.1165625
1896.4190625
1925.090625
1912.8028125
1867.7475
1892.323125
1980.38578125
2039.776875
2238.42984375
2625.4959375
2672.59921875
2701.27078125
2715.6065625
2987.98640625
3149.7759375
3319.75734375
3526.6021875
3502.0265625
3626.95265625
3596.233125
3454.92328125
3110.86453125
2822.1009375
2625.4959375
2576.3446875
2310.10875
2396.1234375
2201.56640625
2195.4225
2183.1346875
1996.76953125
2103.26390625
1998.8175
1957.858125
1957.858125
2103.26390625
2043.8728125
2025.44109375
1912.8028125
1978.3378125
1990.625625
1875.939375
1927.13859375
1927.13859375
1927.13859375
1890.27515625
1908.706875
1869.79546875
1945.5703125
1906.65890625
1992.67359375
1996.76953125
1974.241875
1990.625625
2121.695625
2162.655
2131.93546875
2144.22328125
2095.07203125
2004.96140625
1978.3378125
2029.53703125
1945.5703125
2052.0646875
2068.4484375
2013.15328125
2029.53703125
1892.323125
1945.5703125
1988.57765625
1751.01328125
1888.2271875
1974.241875
1939.42640625
2039.776875
1871.8434375
2004.96140625
1937.3784375
1738.72546875
1906.65890625
1914.85078125
1970.1459375
2029.53703125
1916.89875
2011.1053125
2011.1053125
1949.66625
1904.6109375
1837.02796875
1937.3784375
1949.66625
1927.13859375
1900.515
1886.17921875
1875.939375
2021.34515625
1908.706875
1941.474375
1920.9946875
1939.42640625
1939.42640625
1849.31578125
1949.66625
2072.544375
1783.78078125
1968.09796875
1853.41171875
1935.33046875
1775.58890625
1978.3378125
1937.3784375
1961.9540625
1947.61828125
1964.00203125
1849.31578125
1847.2678125
1886.17921875
2097.12
1804.26046875
1810.404375
1941.474375
1861.60359375
1902.56296875
1984.48171875
1851.36375
1920.9946875
1898.46703125
1986.5296875
1970.1459375
1820.64421875
1906.65890625
1998.8175
1890.27515625
2103.26390625
1972.19390625
2111.45578125
2125.7915625
2217.95015625
2170.846875
2281.4371875
2256.8615625
2103.26390625
2109.4078125
2183.1346875
2267.10140625
2189.27859375
2265.0534375
2387.9315625
2430.93890625
2236.381875
2144.22328125
2308.06078125
2035.6809375
2138.079375
2025.44109375
2095.07203125
1857.50765625
2093.0240625
1961.9540625
2125.7915625
1953.7621875
1931.23453125
1961.9540625
1972.19390625
1994.7215625
1904.6109375
1904.6109375
1961.9540625
1988.57765625
1863.6515625
1830.8840625
1982.43375
1892.323125
1798.1165625
2021.34515625
1972.19390625
1920.9946875
2074.59234375
1820.64421875
2025.44109375
1806.3084375
1918.94671875
1925.090625
1994.7215625
1966.05
1974.241875
2009.05734375
1916.89875
1886.17921875
1863.6515625
1918.94671875
1902.56296875
1839.0759375
1964.00203125
1945.5703125
1986.5296875
1929.1865625
1953.7621875
1857.50765625
1982.43375
1925.090625
2039.776875
2039.776875
2068.4484375
1966.05
1949.66625
1906.65890625
1974.241875
2033.63296875
2007.009375
1931.23453125
1925.090625
1918.94671875
1810.404375
1761.253125
1894.37109375
1912.8028125
1931.23453125
1806.3084375
1869.79546875
1961.9540625
1949.66625
1937.3784375
1892.323125
1851.36375
1982.43375
1832.93203125
2045.92078125
1904.6109375
2000.86546875
1800.16453125
1847.2678125
2062.30453125
1857.50765625
2011.1053125
1949.66625
1912.8028125
1880.0353125
1816.54828125
1964.00203125
1918.94671875
1910.75484375
1918.94671875
1904.6109375
1855.4596875
1822.6921875
1970.1459375
1906.65890625
1884.13125
1873.89140625
1839.0759375
1888.2271875
1841.12390625
1908.706875
1828.83609375
1947.61828125
1880.0353125
1906.65890625
1933.2825
2045.92078125
1847.2678125
1810.404375
1902.56296875
1847.2678125
1816.54828125
1873.89140625
1892.323125
2088.928125
1830.8840625
1884.13125
1945.5703125
2097.12
1894.37109375
1875.939375
1920.9946875
1906.65890625
1882.08328125
1912.8028125
1875.939375
1941.474375
1855.4596875
1978.3378125
1912.8028125
1857.50765625
1798.1165625
1832.93203125
1912.8028125
2035.6809375
1994.7215625
1810.404375
2002.9134375
1972.19390625
1968.09796875
1832.93203125
1994.7215625
1873.89140625
1871.8434375
2033.63296875
1964.00203125
1923.04265625
1949.66625
1722.34171875
1923.04265625
1794.020625
1910.75484375
1892.323125
1863.6515625
1912.8028125
1957.858125
1857.50765625
1869.79546875
1837.02796875
1796.06859375
1884.13125
1818.59625
2080.73625
1847.2678125
1998.8175
1834.98
1877.98734375
2070.49640625
1914.85078125
1789.9246875
1939.42640625
1777.636875
1925.090625
1994.7215625
1818.59625
2019.2971875
1824.74015625
2023.393125
1912.8028125
1877.98734375
1826.788125
1992.67359375
2031.585
1900.515
1884.13125
1863.6515625
1996.76953125
1941.474375
1875.939375
1945.5703125
1943.52234375
1890.27515625
1916.89875
1826.788125
1933.2825
1869.79546875
1859.555625
1853.41171875
1882.08328125
2007.009375
1937.3784375
1882.08328125
1970.1459375
1935.33046875
1941.474375
1943.52234375
1910.75484375
1789.9246875
1923.04265625
1927.13859375
1945.5703125
1857.50765625
1845.21984375
1822.6921875
1863.6515625
1796.06859375
1826.788125
2039.776875
2043.8728125
1974.241875
1994.7215625
1847.2678125
1847.2678125
1900.515
1994.7215625
1898.46703125
1857.50765625
1994.7215625
1961.9540625
1935.33046875
1937.3784375
1906.65890625
1763.30109375
1839.0759375
2025.44109375
1888.2271875
2070.49640625
1908.706875
1920.9946875
1767.39703125
2029.53703125
1925.090625
2011.1053125
1777.636875
1898.46703125
1880.0353125
2015.20125
1961.9540625
1935.33046875
1972.19390625
1869.79546875
1843.171875
1843.171875
2013.15328125
2027.4890625
1974.241875
1822.6921875
1929.1865625
1853.41171875
1943.52234375
1875.939375
1904.6109375
1937.3784375
1820.64421875
1912.8028125
1845.21984375
1902.56296875
1853.41171875
1822.6921875
1763.30109375
1959.90609375
1796.06859375
1865.69953125
1937.3784375
1847.2678125
1859.555625
1925.090625
2047.96875
1933.2825
1912.8028125
1902.56296875
1841.12390625
1953.7621875
1920.9946875
1777.636875
1894.37109375
1773.5409375
1757.1571875
1900.515
1894.37109375
2027.4890625
1880.0353125
1943.52234375
1839.0759375
1912.8028125
1832.93203125
1978.3378125
1863.6515625
1933.2825
1814.5003125
1888.2271875
1890.27515625
1929.1865625
1914.85078125
1789.9246875
1959.90609375
1863.6515625
1902.56296875
1855.4596875
1818.59625
1828.83609375
1839.0759375
1839.0759375
2043.8728125
1974.241875
1898.46703125
1953.7621875
1841.12390625
1949.66625
1941.474375
1808.35640625
1798.1165625
1863.6515625
1945.5703125
1896.4190625
1871.8434375