178.2044
178.42438637963397
178.64436351692376
178.86433140945124
179.0842900547982
179.3042394505465
179.524179594278
179.74411048357447
179.96403211601776
180.1839444891897
180.40384760067218
180.62374144804699
180.84362602889595
181.0635013408009
181.28336738134368
181.5032241481062
181.72307163867012
181.9429098506174
182.16273878152987
182.3825584289893
182.6023687905776
182.82216986387652
183.04196164646797
183.26174413593375
183.48151732985568
183.70128122581562
183.92103582139535
184.1407811141768
184.36051710174175
184.58024378167198
184.79996115154938
185.01966920895578
185.23936795147304
185.45905737668295
185.67873748216735
185.89840826550807
186.11806972428698
186.33772185608584
186.55736465848656
186.7769981290709
186.9966222654208
187.216237065118
187.43584252574436
187.65543864488168
187.87502542011188
188.09460284901672
188.31417092917803
188.53372965817772
188.75327903359752
188.97281905301935
189.19234971402497
189.41187101419627
189.6313829511151
189.85088552236323
190.0703787255225
190.28986255817475
190.50933701790186
190.72880210228564
190.9482578089079
191.16770413535045
191.38714107919517
191.60656863802393
191.82598680941848
192.0453955909607
192.26479498023238
192.48418497481543
192.7035655722916
192.92293677024279
193.1422985662508
193.36165095789744
193.5809939427646
193.80032751843405
194.0196516824877
194.2389664325073
194.45827176607477
194.67756768077186
194.89685417418045
195.11613124388236
195.33539888745946
195.5546571024935
195.77390588656638
195.9931452372599
196.21237515215597
196.4315956288363
196.65080666488282
196.87000825787732
197.08920040540164
197.3083831050376
197.52755635436705
197.74672015097184
197.9658744924338
198.18501937633474
198.40415480025646
198.62328076178088
198.84239725848977
199.061504287965
199.28060184778832
199.49968993554168
199.71876854880682
199.93783768516568
200.1568973422
200.37594751749162
200.59498820862242
200.81401941317418
201.03304112872877
201.252053352868
201.47105608317372
201.6900493172278
201.909033052612
202.1280072869082
202.34697201769816
202.56592724256387
202.78487295908698
203.00380916484946
203.22273585743307
203.44165303441966
203.66056069339106
203.87945883192913
204.09834744761568
204.31722653803257
204.5360961007616
204.7549561333846
204.9738066334834
205.19264759863987
205.41147902643584
205.63030091445313
205.84911326027353
206.06791606147894
206.28670931565117
206.50549302037203
206.72426717322338
206.94303177178705
207.16178681364488
207.3805322963787
207.5992682175703
207.81799457480156
208.03671136565433
208.25541858771038
208.4741162385516
208.6928043157598
208.91148281691682
209.13015173960443
209.3488110814046
209.56746083989904
209.78610101266966
210.00473159729822
210.2233525913666
210.44196399245664
210.66056579815017
210.879158006029
211.097740613675
211.31631361866994
211.53487701859575
211.75343081103415
211.97197499356707
212.19050956377626
212.40903451924362
212.62754985755097
212.84605557628012
213.06455167301291
213.2830381453312
213.50151499081682
213.71998220705152
213.9384397916172
214.15688774209576
214.37532605606893
214.59375473111857
214.81217376482653
215.0305831547746
215.2489828985447
215.46737299371858
215.6857534378781
215.90412422860513
216.12248536348145
216.34083684008894
216.55917865600935
216.77751080882462
216.99583329611653
217.2141461154669
217.43244926445755
217.65074274067038
217.8690265416872
218.08730066508983
218.30556510846006
218.52381986937976
218.74206494543083
218.960300334195
219.17852603325414
219.3967420401901
219.61494835258472
219.8331449680198
220.05133188407717
220.26950909833872
220.4876766083862
220.70583441180153
220.92398250616648
221.1421208890629
221.3602495580726
221.5783685107775
221.79647774475936
222.0145772576
222.2326670468813
222.45074711018506
222.6688174450931
222.88687804918732
223.10492892004953
223.3229700552615
223.54100145240514
223.75902310906224
223.97703502281465
224.1950371912442
224.41302961193273
224.63101228246202
224.84898520041398
225.06694836337041
225.28490176891316
225.50284541462406
225.7207792980849
225.93870341687753
226.15661776858383
226.37452235078558
226.59241716106465
226.81030219700284
227.02817745618202
227.246042936184
227.4638986345906
227.6817445489837
227.8995806769451
228.11740701605663
228.3352235639001
228.55303031805738
228.7708272761103
228.98861443564073
229.20639179423043
229.42415934946126
229.6419170989151
229.8596650401737
230.07740317081894
230.29513148843262
230.51284999059664
230.73055867489282
230.94825753890294
231.1659465802088
231.38362579639238
231.6012951850354
231.81895474371973
232.03660447002719
232.25424436153958
232.4718744158388
232.68949463050666
232.907105003125
233.12470553127562
233.3422962125404
233.5598770445011
233.7774480247396
233.99500915083777
234.21256042037737
234.43010183094032
234.64763338010835
234.86515506546337
235.0826668845872
235.30016883506164
235.51766091446854
235.73514312038975
235.9526154504071
236.17007790210243
236.38753047305752
236.60497316085426
236.82240596307446
237.03982887729998
237.2572419011126
237.4746450320942
237.69203826782658
237.9094216058916
238.12679504387108
238.34415857934684
238.56151220990077
238.77885593311467
238.99618974657034
239.21351364784962
239.43082763453438
239.64813170420643
239.86542585444764
240.0827100828398
240.29998438696472
240.51724876440434
240.73450321274035
240.95174772955468
241.16898231242914
241.38620695894556
241.60342166668582
241.82062643323164
242.03782125616496
242.25500613306758
242.4721810615213
242.68934603910796
242.90650106340945
243.12364613200754
243.3407812424841
243.55790639242102
243.7750215794
243.99212680100294
244.20922205481168
244.42630733840807
244.64338264937388
244.86044798529102
245.07750334374123
245.29454872230647
245.5115841185685
245.7286095301091
245.9456249545102
246.16263038935358
246.37962583222108
246.59661128069453
246.81358673235576
247.03055218478667
247.247507635569
247.46445308228465
247.6813885225154
247.89831395384311
248.11522937384962
248.33213478011672
248.54903017022627
248.76591554176017
248.9827908923002
249.1996562194281
249.41651152072586
249.63335679377522
249.85019203615803
250.06701724545616
250.28383241925138
250.50063755512556
250.71743265066058
250.93421770343818
251.1509927110402
251.36775767104857
251.58451258104503
251.80125743861146
252.01799224132967
252.2347169867815
252.45143167254878
252.66813629621336
252.88483085535705
253.10151534756173
253.31818977040916
253.53485412148123
253.75150839835973
253.96815259862652
254.18478671986344
254.40141075965235
254.618024715575
254.8346285852133
255.051222366149
255.26780605596403
255.48437965224016
255.70094315255926
255.91749655450315
256.1340398556536
256.35057305359265
256.5670961459018
256.7836091301632
257.00011200395846
257.2166047648696
257.4330874104783
257.64955993836645
257.86602234611587
258.08247463130846
258.29891679152604
258.5153488243503
258.73177072736325
258.9481824981466
259.1645841342823
259.380975633352
259.59735699293776
259.8137282106213
260.0300892839843
260.24644021060897
260.4627809880768
260.6791116139698
260.8954320858697
261.11174240135836
261.32804255801767
261.54433255342946
261.76061238517553
261.9768820508377
262.19314154799787
262.4093908742377
262.6256300271392
262.8418590042842
263.05807780325443
263.27428642163176
263.490484856998
263.70667310693517
263.9228511690249
264.13901904084906
264.35517671998946
264.571324204028
264.7874614905465
265.0035885771268
265.2197054613507
265.43581214079995
265.6519086130566
265.8679948757024
266.084070926319
266.3001367624884
266.5161923817925
266.732237781813
266.9482729601318
267.16429791433075
267.38031264199157
267.5963171406962
267.81231140802646
268.0282954415641
268.24426923889104
268.46023279758913
268.67618611524017
268.892129189426
269.1080620177284
269.32398459772924
269.5398969270104
269.7557990031536
269.9716908237408
270.18757238635374
270.4034436885743
270.61930472798434
270.8351555021656
271.05099600870005
271.2668262451694
271.4826462091555
271.6984558982402
271.9142553100054
272.13004444203284
272.34582329190437
272.5615918572019
272.77735013550716
272.9930981244021
273.2088358214684
273.42456322428797
273.6402803304427
273.8559871375144
274.0716836430848
274.2873698447358
274.5030457400493
274.7187113266071
274.9343666019909
275.15001156378275
275.36564620956426
275.5812705369175
275.7968845434241
276.01248822666605
276.228081584225
276.4436646136829
276.65923731262166
276.87479967862294
277.0903517092687
277.3058934021408
277.5214247548209
277.73694576489095
277.95245642993285
278.1679567475283
278.3834467152592
278.59892633070734
278.8143955914546
279.0298544950828
279.24530303917385
279.4607412213094
279.6761690390714
279.8915864900418
280.1069935718022
280.3223902819345
280.5377766180206
280.7531525776423
280.96851815838147
281.18387335781983
281.3992181735394
281.6145526031218
281.8298766441491
282.04519029420294
282.2604935508652
282.4757864117177
282.69106887434236
282.906340936321
283.1216025952353
283.33685384866726
283.5520946941987
283.76732512941135
283.98254515188705
284.1977547592078
284.41295394895525
284.6281427187113
284.84332106605774
285.0584889885765
285.27364648384946
285.48879354945825
285.7039301829848
285.919056382011
286.13417214411857
286.3492774668894
286.5643723479054
286.77945678474833
286.99453077499993
287.20959431624226
287.424647406057
287.63969004202596
287.854722221731
288.069743942754
288.28475520267676
288.4997559990811
288.71474632954903
288.92972619166204
289.1446955830022
289.35965450115134
289.57460294369116
289.7895409082036
290.0044683922705
290.2193853934736
290.4342919093949
290.6491879376161
290.86407347571907
291.07894852128567
291.29381307189755
291.5086671251368
291.72351067858517
291.9383437298244
292.15316627643654
292.36797831600313
292.5827798461062
292.7975708643275
293.0123513682489
293.2271213554523
293.4418808235194
293.65662977003205
293.8713681925722
294.08609608872166
294.30081345606214
294.5155202921756
294.73021659464376
294.94490236104855
295.15957758897173
295.37424227599524
295.5888964197008
295.8035400176703
296.0181730674855
296.23279556672844
296.4474075129807
296.6620089038242
296.87659973684083
297.09118000961234
297.3057497197207
297.5203088647477
297.734857442275
297.9493954498846
298.1639228851583
298.3784397456779
298.5929460290253
298.80744173278225
299.02192685453065
299.23640139185227
299.45086534232905
299.66531870354277
299.87976147307523
300.0941936485082
300.3086152274237
300.52302620740335
300.7374265860292
300.9518163608829
301.16619552954637
301.3805640896015
301.59492203863
301.8092693742138
302.0236060939346
302.23793219537436
302.4522476761149
302.66655253373796
302.8808467658256
303.09513036995935
303.30940334372127
303.5236656846931
303.73791739045663
303.9521584585938
304.1663888866864
304.3806086723162
304.59481781306516
304.80901630651505
305.0232041502476
305.2373813418448
305.45154787888845
305.6657037589603
305.87984897964225
306.0939835385161
306.30810743316385
306.52222066116695
306.7363232201077
306.95041510756755
307.1644963211285
307.3785668583725
307.5926267168811
307.8066758942363
308.02071438802
308.234742195814
308.44875931519994
308.66276574375996
308.87676147907564
309.09074651872885
309.3047208603016
309.5186845013755
309.7326374395326
309.94657967235446
310.16051119742326
310.3744320123204
310.5883421146282
310.80224150192817
311.0161301718022
311.23000812183216
311.4438753495998
311.65773185268716
311.8715776286758
312.0854126751479
312.29923698968486
312.5130505698689
312.72685341328156
312.9406455175049
313.1544268801206
313.3681974987106
313.5819573708567
313.7957064941406
314.00944486614435
314.22317248444966
314.4368893466384
314.65059545029237
314.86429079299336
315.07797537232335
315.29164918586406
315.50531223119737
315.71896450590503
315.9326060075691
316.14623673377116
316.3598566820931
316.57346585011675
316.78706423542405
317.0006518355968
317.2142286482167
317.4277946708658
317.6413499011257
317.8548943365784
318.0684279748057
318.2819508133894
318.49546284991135
318.70896408195335
318.92245450709737
319.135934122925
319.3494029270183
319.5628609169589
319.7763080903288
319.98974444470986
320.20316997768373
320.4165846868325
320.62998856973763
320.8433816239813
321.05676384714513
321.2701352368112
321.48349579056105
321.69684550597674
321.9101843806399
322.1235124121326
322.33682959803645
322.5501359359333
322.7634314234053
322.97671605803373
323.189989837401
323.4032527590886
323.6165048206784
323.82974601975235
324.04297635389213
324.25619582067975
324.4694044176968
324.6826021425254
324.8957889927472
325.1089649659441
325.3221300596978
325.53528427159034
325.7484275992035
325.96156004011897
326.1746815919188
326.38779225218457
326.60089201849837
326.8139808884418
327.0270588595969
327.2401259295453
327.45318209586895
327.6662273561498
327.8792617079695
328.0922851489099
328.30529767655287
328.5182992884803
328.73128998227395
328.9442697555157
329.1572386057873
329.3701965306707
329.58314352774767
329.7960795946
330.0090047288096
330.2219189279582
330.4348221896278
330.6477145114001
330.860595890857
331.07346632558034
331.28632581315185
331.49917435115344
331.7120119371669
331.9248385687742
332.137654243557
332.35045895909724
332.5632527129767
332.77603550277723
332.9888073260807
333.2015681804688
333.41431806352364
333.62705697282667
333.83978490596013
334.0525018605056
334.26520783404493
334.4779028241601
334.6905868284327
334.90325984444485
335.1159218697781
335.3285729020145
335.5412129387358
335.7538419775238
335.96646001596037
336.1790670516274
336.3916630821066
336.60424810497994
336.8168221178292
337.029385118236
337.24193710378256
337.45447807205045
337.6670080206216
337.8795269470778
338.0920348490009
338.3045317239728
338.5170175695752
338.72949238339004
338.941956162999
339.1544089059842
339.3668506099272
339.57928127240996
339.7917008910143
340.004109463322
340.216506986915
340.42889345937493
340.64126887828394
340.8536332412236
341.0659865457758
341.2783287895224
341.4906599700452
341.7029800849262
341.915289131747
342.1275871080896
342.33987401153564
342.5521498396672
342.76441459006594
342.9766682603138
343.1889108479925
343.40114235068387
343.61336276596995
343.82557209143226
344.03777032465297
344.2499574632136
344.4621335046963
344.6742984466826
344.8864522867545
345.0985950224937
345.3107266514823
345.5228471713019
345.7349565795343
345.9470548737616
346.15914205156537
346.37121811052754
346.5832830482299
346.7953368622544
347.0073795501828
347.2194111095968
347.4314315380785
347.6434408332095
347.85543899257186
348.0674260137472
348.27940189431735
348.49136663186437
348.70332022396985
348.9152626682158
349.1271939621839
349.33911410345615
349.55102308961426
349.7629209182401
349.97480758691546
350.18668309322226
350.3985474347422
350.6104006090573
350.8222426137493
351.03407344639993
351.2458931045913
351.4577015859049
351.66949888792277
351.8812850082267
352.0930599443985
352.3048236940201
352.51657625467317
352.7283176239397
352.9400477994013
353.1517667786402
353.3634745592379
353.5751711387763
353.78685651483727
353.99853068500255
354.2101936468542
354.42184539797375
354.6334859359433
354.8451152583446
355.05673336275936
355.2683402467696
355.479935907957
355.6915203439035
355.9030935521908
356.114655530401
356.3262062761156
356.5377457869167
356.7492740603859
356.9607910941052
357.1722968856564
357.38379143262136
357.5952747325819
357.8067467831197
358.01820758181685
358.22965712625495
358.4410954140161
358.6525224426818
358.86393820983415
359.07534271305485
359.28673594992574
359.4981179180288
359.7094886149456
359.92084803825827
360.1321961855484
360.34353305439794
360.5548586423887
360.7661729471025
360.97747596612123
361.1887676970266
361.4000481374007
361.61131728482496
361.8225751368816
362.03382169115224
362.2450569452187
362.456280896663
362.66749354306677
362.878694882012
363.08988491108033
363.3010636278538
363.51223102991406
363.7233871148432
363.9345318802228
364.1456653236348
364.356787442661
364.5678982348833
364.7789976978835
364.99008582924324
365.2011626265447
365.4122280873695
365.62328220929953
365.8343249899166
366.0453564268025
366.2563765175392
366.4673852597084
366.67838265089205
366.8893686886718
367.10034337062973
367.3113066943475
367.52225865740695
367.73319925739
367.94412849187836
368.15504635845406
368.36595285469866
368.5768479781943
368.78773172652245
368.99860409726534
369.20946508800455
369.4203146963219
369.6311529197994
369.8419797560187
370.0527952025618
370.26359925701036
370.4743919169464
370.6851731799516
370.8959430436079
371.10670150549697
371.3174485632008
371.5281842143012
371.73890845637993
371.94962128701894
372.1603227037999
372.3710127043049
372.58169128611553
372.7923584468137
373.00301418398124
373.2136584952
373.42429137805186
373.6349128301185
373.84552284898194
374.0561214322238
374.2667085774262
374.47728428217073
374.6878485440393
374.8984013606137
375.1089427294759
375.3194726482077
375.5299911143907
375.74049812560713
375.9509936794384
376.1614777734667
376.3719504052736
376.58241157244106
376.7928612725509
377.00329950318496
377.21372626192516
377.4241415463531
377.63454535405083
377.84493768260006
378.0553185295827
378.2656878925805
378.47604576917536
378.6863921569492
378.8967270534836
379.10705045636064
379.317362363162
379.5276627714696
379.73795167886516
379.9482290829307
380.1584949812479
380.3687493713987
380.5789922509648
380.7892236175281
380.9994434686705
381.20965180197373
381.4198486150197
381.6300339053902
381.8402076706671
382.05036990843223
382.2605206162673
382.4706597917543
382.680787432475
382.89090353601125
383.10100809994486
383.3111011218577
383.5211825993315
383.7312525299482
383.9413109112897
384.15135774093767
384.36139301647404
384.57141673548057
384.7814288955392
384.9914294942316
385.20141852913986
385.4113959978455
385.62136189793057
385.8313162269769
386.0412589825662
386.25119016228047
386.46110976370136
386.67101778441076
386.88091422199057
387.09079907402264
387.3006723380887
387.5105340117706
387.72038409265025
387.9302225783093
388.1400494663299
388.3498647542936
388.5596684397824
388.769460520378
388.9792409936624
389.1890098572173
389.3987671086245
389.608512745466
389.8182467653234
390.0279691657788
390.23767994441386
390.4473790988105
390.65706662655043
390.86674252521556
391.07640679238784
391.28605942564883
391.4957004225807
391.70532978076494
391.91494749778354
392.1245535712185
392.3341479986513
392.54373077766417
392.7533019058386
392.96286138075664
393.17240919999995
393.38194536115054
393.5914698617902
393.8009826995006
394.01048387186376
394.2199733764615
394.42945121087564
394.6389173726878
394.84837185948015
395.0578146688343
395.2672457983322
395.4766652455556
395.68607300808634
395.8954690835063
396.10485346939726
396.3142261633412
396.5235871629197
396.73293646571483
396.94227406930827
397.15159997128194
397.36091416921755
397.5702166606971
397.7795074433024
397.98878651461513
398.1980538722173
398.40730951369056
398.616553436617
398.8257856385782
399.0350061171561
399.2442148699326
399.45341189448936
399.6625971884084
399.8717707492714
400.0809325746604
400.2900826621569
400.4992210093431
400.7083476138006
400.91746247311124
401.1265655848569
401.3356569466195
401.5447365559808
401.75380441052255
401.96286050782675
402.17190484547507
402.38093742104945
402.5899582321317
402.79896727630364
403.00796455114715
403.2169500542439
403.425923783176
403.63488573552496
403.8438359088729
404.05277430080145
404.2617009088926
404.47061573072807
404.67951876388975
404.88841000595954
405.097289454519
405.3061571071503
405.51501296143505
405.7238570149552
405.93268926529254
406.14150971002886
406.35031834674606
406.559115173026
406.76790018645045
406.97667338460116
407.18543476506017
407.3941843254092
407.60292206323004
407.8116479761046
408.02036206161466
408.22906431734214
408.43775474086874
408.6464333297764
408.8551000816468
409.06375499406204
409.27239806460375
409.4810292908539
409.6896486703941
409.8982562008064
410.1068518796726
410.3154357045743
410.52400767309376
410.7325677828124
410.94111603131233
411.14965241617523
411.358176934983
411.5666895853174
411.7751903647604
411.9836792708938
412.1921563012993
412.4006214535589
412.60907472525423
412.8175161139674
413.02594561727994
413.2343632327739
413.44276895803114
413.6511627906332
413.8595447281623
414.06791476819996
414.2762729083282
414.4846191461288
414.6929534791836
414.9012759050743
415.10958642138297
415.3178850256914
415.52617171558114
415.73444648863443
415.94270934243275
416.15096027455814
416.35919928259244
416.56742636411735
416.77564151671487
416.9838447379666
417.1920360254547
417.4002153767607
417.6083827894666
417.8165382611541
418.0246817894052
418.23281337180157
418.44093300592516
418.6490406893579
418.85713641968124
419.0652201944775
419.27329201132807
419.4813518678152
419.68939976152035
419.89743569002553
420.1054596509126
420.3134716417634
420.5214716601597
420.72945970368323
420.9374357699161
421.1453998564399
421.35335196083656
421.5612920806879
421.76922021357575
421.977136357082
422.18504050878835
422.3929326662768
422.600812827129
422.808680988927
423.0165371492525
423.22438130568725
423.4322134558132
423.6400335972122
423.84784172746606
424.05563784415654
424.2634219448656
424.47119402717493
424.6789540886666
424.88670212692216
425.09443813952356
425.30216212405264
425.50987407809123
425.71757399922126
425.9252618850243
426.13293773308254
426.34060154097745
426.5482533062912
426.75589302660535
426.9635206995019
427.1711363225626
427.37873989336936
427.58633140950394
427.79391086854815
428.00147826808393
428.209033605693
428.4165768789573
428.62410808545866
428.8316272227787
429.03913428849955
429.24662928020285
429.45411219547054
429.66158303188433
429.8690417870263
430.07648845847785
430.28392304382123
430.4913455406382
430.69875594651035
430.90615425901984
431.11354047574815
431.32091459427744
431.5282766121893
431.73562652706585
431.9429643364885
432.15029003803954
432.35760362930057
432.5649051078533
432.7721944712798
432.97947171716174
433.1867368430811
433.39398984661955
433.60123072535913
433.8084594768815
434.01567609876844
434.22288058860204
434.43007294396386
434.6372531624359
434.84442124159995
435.0515771790379
435.2587209723314
435.4658526190625
435.67297211681296
435.88007946316446
436.08717465569913
436.2942576919985
436.5013285696446
436.7083872862192
436.9154338393042
437.1224682264812
437.32949044533245
437.5365004934394
437.743498368384
437.95048406774816
438.1574575891136
438.3644189300623
438.57136808817586
438.7783050610364
438.98522984622565
439.19214244132525
439.39904284391724
439.60593105158335
439.81280706190563
440.0196708724656
440.2265224808453
440.43336188462644
440.640189081391
440.8470040687207
441.05380684419737
441.26059740540296
441.4673757499191
441.67414187532785
441.8808957792108
442.08763745915
442.2943669127272
442.5010841375243
442.7077891311231
442.9144818911052
443.1211624150528
443.32783070054745
443.53448674517125
443.7411305465057
443.94776210213297
444.15438140963477
444.36098846659274
444.56758327058907
444.77416581920517
444.9807361100233
445.18729414062494
445.3938399085922
445.6003734115067
445.80689464695047
446.0134036125053
446.21990030575273
446.426384724275
446.63285686565365
446.83931672747076
447.04576430730793
447.25219960274717
447.4586226113702
447.66503333075894
447.87143175849525
448.0778178921607
448.28419172933746
448.4905532676071
448.6969025045517
448.9032394377528
449.10956406479255
449.31587638325266
449.5221763907148
449.728464084761
449.93473946297297
450.1410025229327
450.34725326222184
450.5534916784224
450.759717769116
450.96593153188473
451.17213296431026
451.3783220639744
451.5844988284591
451.790663255346
451.9968153422172
452.20295508665424
452.4090824862393
452.6151975385539
452.82130024118004
453.02739059169954
453.2334685876941
453.4395342267458
453.6455875064362
453.8516284243474
454.0576569780609
454.2636731651589
454.469676983223
454.675668429835
454.881647502577
455.0876141990305
455.2935685167776
455.4995104533999
455.70544000647953
455.911357173598
456.11726195233746
456.32315434027953
456.52903433500603
456.7349019340989
456.9407571351398
457.14659993571087
457.3524303333936
457.5582483257702
457.7640539104221
457.9698470849315
458.17562784687993
458.3813961938494
458.5871521234217
458.79289563317855
458.9986267207021
459.20434538357375
459.4100516193757
459.6157454256896
459.8214268000973
460.02709574018076
460.23275224352153
460.4383963077018
460.644027930303
460.84964710890745
461.05525384109654
461.2608481244524
461.4664299565568
461.67199933499137
461.8775562573382
462.08310072117894
462.2886327240956
462.4941522636698
462.6996593374836
462.9051539431186
463.11063607815686
463.3161057401801
463.52156292677006
463.7270076355088
463.9324398639779
464.13785960975946
464.34326687043506
464.54866164358674
464.75404392679627
464.9594137176453
465.16477101371595
465.37011581258986
465.57544811184897
465.78076790907494
465.98607520184987
466.19136998775537
466.3966522643734
466.6019220292858
466.80717928007425
467.0124240143208
467.217656229607
467.422875923515
467.62808309362634
467.8332777375232
468.038459852787
468.243629437
468.44878648774375
468.6539310026
468.85906297915096
469.064182414978
469.26928930766337
469.47438365478865
469.67946545393585
469.8845347026866
470.0895913986228
470.29463553932646
470.4996671223791
470.70468614536287
470.9096926058593
471.11468650145054
471.3196678297181
471.52463658824416
471.7295927746103
471.93453638639835
472.1394674211903
472.34438587656786
472.54929175011296
472.7541850394072
472.9590657420328
473.16393385557126
473.3687893776046
473.5736323057146
473.778462637483
473.98328037049185
474.1880855023226
474.3928780305576
474.59765795277826
474.8024252665667
475.0071799695045
475.2119220591736
475.4166515331559
475.62136838903314
475.8260726243873
476.03076423679994
476.23544322385317
476.4401095831287
476.64476331220834
476.8494044086741
477.05403287010745
477.25864869409065
477.46325187820514
477.66784242003314
477.8724203171561
478.0769855671562
478.281538167615
478.4860781161145
478.6906054102365
478.89512004756267
479.0996220256752
479.30411134215547
479.50858799458575
479.7130519805476
479.91750329762294
480.12194194339367
480.3263679154413
480.5307812113482
480.73518182869566
480.9395697650659
481.1439450180406
481.34830758520167
481.55265746413073
481.7569946524099
481.9613191476209
482.1656309473454
482.3699300491655
482.57421645066273
482.7784901494193
482.98275114301674
483.18699942903703
483.39123500506196
483.5954578686734
483.79966801745314
484.00386544898294
484.20805016084483
484.4122221506204
484.61638141589174
484.8205279542404
485.0246617632485
485.22878284049773
485.43289118356984
485.63698679004693
485.84106965751045
486.0451397835426
486.249197165725
486.45324180163954
486.657273688868
486.86129282499235
487.06529920759436
487.26929283425574
487.4732737025586
487.67724181008435
487.88119715441525
488.08513973313285
488.28906954381915
488.4929865840559
488.696890851425
488.90078234350824
489.10466105788737
489.30852699214444
489.512380143861
489.7162205106191
489.9200480900005
490.1238628795871
490.3276648769607
490.5314540797029
490.7352304853959
490.9389940916213
491.142744895961
491.3464828959968
491.55020808931073
491.7539204734843
491.95762004609963
492.1613068047384
492.3649807469823
492.56864187041356
492.7722901726137
492.9759256511647
493.17954830364823
493.3831581276463
493.58675512074063
493.79033928051314
493.99391060454565
494.1974690904199
494.4010147357178
494.6045475380211
494.8080674949118
495.01157460397155
495.21506886278235
495.41855026892597
495.62201881998413
495.82547451353884
496.0289173471718
496.2323473184649
496.43576442499995
496.63916866435886
496.8425600341233
497.0459385318753
497.2493041551966
497.452656901669
497.6559967688744
497.8593237543945
498.0626378558114
498.2659390707066
498.4692273966622
498.6725028312598
498.87576537208156
499.0790150167091
499.28225176272406
499.4854756077087
499.68868654924444
499.8918845849135
500.0950697122974
500.2982419289782
500.5014012325376
500.70454762055743
500.90768109061963
501.1108016403058
501.3139092671981
501.51700396887804
501.7200857429278
501.92315458692883
502.12621049846337
502.3292534751129
502.5322835144593
502.73530061408474
502.9383047715706
503.14129598449904
503.3442742504517
503.5472395670106
503.7501919317573
503.95313134227393
504.15605779614214
504.35897129094377
504.56187182426083
504.76475939367486
504.9676339967679
505.17049563112175
505.3733442943183
505.57617998393926
505.7790026975664
505.98181243278185
506.1846091871671
506.38739295830425
506.5901637437749
506.79292154116115
506.9956663480446
507.1983981620073
507.40111698063095
507.60382280149724
507.8065156221883
508.00919544028574
508.21186225337146
508.4145160590273
508.6171568548352
508.81978463837686
509.02239940723405
509.2250011589888
509.42758989122274
509.63016560151794
509.83272828745595
510.03527794661886
510.2378145765883
510.4403381749463
510.6428487392746
510.845346267155
511.0478307561693
511.25030220389937
511.45276060792725
511.6552059658343
511.85763827520293
512.0600575336144
512.262463738651
512.4648568878944
512.6672369789263
512.8696040093289
513.0719579766835
513.2742988785724
513.4766267125772
513.6789414762798
513.881243167262
514.0835317831057
514.2858073213927
514.4880697797047
514.6903191556238
514.8925554467315
515.09477865061
515.2969887648409
515.4991857870061
515.7013697146874
515.9035405454666
516.1056982769259
516.3078429066464
516.5099744322106
516.7120928511999
516.9141981611965
517.1162903597819
517.3183694445382
517.5204354130472
517.7224882628905
517.9245279916502
518.1265545969078
518.3285680762457
518.530568427245
518.7325556474882
518.9345297345567
519.1364906860325
519.3384384994976
519.5403731725335
519.7422947027222
519.9442030876454
520.1460983248852
520.3479804120233
520.5498493466414
520.7517051263217
520.9535477486455
521.1553772111951
521.3571935115519
521.5589966472983
521.7607866160156
521.9625634152859
522.164327042691
522.3660774958128
522.567814772233
522.7695388695333
522.971249785296
523.1729475171024
523.3746320625348
523.5763034191747
523.7779615846041
523.9796065564047
524.1812383321584
524.3828569094472
524.5844622858526
524.7860544589569
524.9876334263413
525.1891991855882
525.3907517342791
525.592291069996
525.7938171903207
525.995330092835
526.1968297751207
526.3983162347597
526.5997894693339
526.8012494764249
527.0026962536148
527.2041297984853
527.4055501086183
527.6069571815955
527.8083510149987
528.00973160641
528.211098953411
528.4124530535838
528.6137939045097
528.8151215037711
529.0164358489498
529.2177369376271
529.4190247673853
529.6202993358061
529.8215606404715
530.022808678963
530.2240434488626
530.4252649477521
530.6264731732135
530.8276681228286
531.028849794179
531.2300181848468
531.4311732924135
531.6323151144613
531.8334436485718
532.034558892327
532.2356608433086
532.4367494990985
532.6378248572785
532.8388869154304
533.0399356711362
533.2409711219774
533.4419932655361
533.6430020993942
533.8439976211333
534.0449798283355
534.2459487185823
534.4469042894558
534.6478465385376
534.8487754634099
535.049691061654
535.2505933308523
535.4514822685862
535.6523578724378
535.853220139989
536.0540690688213
536.2549046565167
536.455726900657
536.6565357988243
536.8573313485999
537.0581135475661
537.2588823933046
537.4596378833971
537.6603800154257
537.8611087869721
538.0618241956179
538.2625262389453
538.4632149145359
538.6638902199714
538.8645521528342
539.0652007107057
539.2658358911676
539.4664576918021
539.6670661101908
539.8676611439157
540.0682427905584
540.2688110477011
540.469365912925
540.6699073838128
540.8704354579456
541.0709501329055
541.2714514062745
541.4719392756341
541.6724137385664
541.8728747926531
542.0733224354761
542.2737566646172
542.4741774776583
542.6745848721811
542.8749788457673
543.0753593959992
543.2757265204583
543.4760802167265
543.6764204823855
543.8767473150176
544.0770607122041
544.277360671527
544.4776471905683
544.6779202669096
544.8781798981328
545.0784260818198
545.2786588155525
545.4788780969124
545.6790839234817
545.8792762928423
546.0794552025754
546.2796206502637
546.4797726334883
546.6799111498316
546.8800361968749
547.0801477722006
547.28024587339
547.4803304980252
547.680401643688
547.8804593079602
548.0805034884238
548.2805341826604
548.4805513882519
548.6805551027802
548.8805453238272
549.0805220489746
549.2804852758042
549.4804350018978
549.6803712248375
549.880293942205
550.0802031515819
550.2800988505503
550.479981036692
550.6798497075888
550.8797048608226
551.079546493975
551.2793746046282
551.4791891903636
551.6789902487635
551.8787777774094
552.0785517738832
552.2783122357667
552.4780591606419
552.6777925460906
552.8775123896944
553.0772186890354
553.2769114416952
553.4765906452559
553.6762562972991
553.8759083954068
554.0755469371608
554.2751719201428
554.4747833419348
554.6743812001184
554.8739654922757
555.0735362159884
555.2730933688385
555.4726369484076
555.6721669522776
555.8716833780305
556.0711862232479
556.2706754855117
556.4701511624037
556.6696132515059
556.8690617503999
557.0684966566678
557.2679179678913
557.4673256816521
557.6667197955322
557.8661003071135
558.0654672139777
558.2648205137066
558.4641602038821
558.663486282086
558.8627987459001
559.0620975929065
559.2613828206867
559.4606544268227
559.6599124088962
559.8591567644892
560.0583874911833
560.2576045865607
560.4568080482029
560.655997873692
560.8551740606097
561.0543366065376
561.2534855090579
561.4526207657522
561.6517423742026
561.8508503319905
562.0499446366983
562.2490252859074
562.4480922771996
562.6471456081571
562.8461852763614
563.0452112793945
563.2442236148381
563.4432222802742
563.6422072732846
563.841178591451
564.0401362323554
564.2390801935795
564.4380104727053
564.6369270673143
564.8358299749888
565.0347191933101
565.2335947198607
565.4324565522218
565.6313046879756
565.8301391247038
566.0289598599882
566.2277668914107
566.4265602165531
566.6253398329973
566.824105738325
567.0228579301181
567.2215964059586
567.4203211634282
567.6190322001086
567.8177295135818
568.0164131014296
568.2150829612336
568.4137390905762
568.6123814870388
568.8110101482032
569.0096250716514
569.2082262549652
569.4068136957264
569.6053873915168
569.8039473399184
570.0024935385128
570.2010259848821
570.3995446766079
570.5980496112721
570.7965407864566
570.9950181997431
571.1934818487136
571.3919317309498
571.5903678440336
571.7887901855469
571.9871987530714
572.1855935441888
572.3839745564813
572.5823417875306
572.7806952349184
572.9790348962266
573.177360769037
573.3756728509317
573.5739711394921
573.7722556323002
573.9705263269382
574.1687832209873
574.3670263120298
574.5652555976474
574.7634710754219
574.9616727429349
575.1598605977688
575.3580346375049
575.5561948597255
575.754341262012
575.9524738419464
576.1505925971106
576.3486975250863
576.5467886234555
576.7448658897998
576.9429293217015
577.1409789167419
577.339014672503
577.537036586567
577.735044656515
577.9330388799294
578.1310192543918
578.3289857774843
578.5269384467884
578.7248772598862
578.9228022143593
579.1207133077897
579.3186105377592
579.5164939018495
579.7143633976426
579.9122190227204
580.1100607746645
580.3078886510567
580.5057026494793
580.7035027675137
580.9012890027417
581.0990613527454
581.2968198151063
581.4945643874067
581.692295067228
581.8900118521525
582.0877147397614
582.2854037276371
582.4830788133611
582.6807399945154
582.8783872686818
583.0760206334419
583.273640086378
583.4712456250714
583.6688372471045
583.8664149500588
584.063978731516
584.2615285890583
584.4590645202671
584.6565865227249
584.8540945940127
585.0515887317129
585.2490689334071
585.4465351966774
585.6439875191052
585.8414258982726
586.0388503317615
586.2362608171536
586.4336573520309
586.6310399339749
586.8284085605678
587.0257632293911
587.2231039380271
587.4204306840572
587.6177434650632
587.8150422786274
588.012327122331
588.2095979937563
588.4068548904851
588.6040978100991
588.8013267501802
588.9985417083102
589.195742682071
589.3929296690442
589.5901026668118
589.7872616729558
589.9844066850578
590.1815377006997
590.3786547174634
590.5757577329306
590.7728467446832
590.969921750303
591.166982747372
591.3640297334717
591.5610627061843
591.7580816630915
591.9550866017751
592.1520775198168
592.3490544147986
592.5460172843024
592.7429661259099
592.9399009372029
593.1368217157634
593.333728459173
593.5306211650138
593.7274998308675
593.9243644543159
594.1212150329409
594.3180515643242
594.5148740460478
594.7116824756934
594.908476850843
595.1052571690783
595.3020234279811
595.4987756251335
595.6955137581169
595.8922378245136
596.0889478219049
596.2856437478732
596.4823255999999
596.6789933758671
596.8756470730565
597.07228668915
597.2689122217295
597.4655236683765
597.6621210266733
597.8587042942012
598.0552734685426
598.2518285472789
598.4483695279921
598.6448964082642
598.8414091856768
599.0379078578117
599.2343924222508
599.4308628765762
599.6273192183693
599.8237614452122
600.0201895546866
600.2166035443745
600.4130034118576
600.6093891547177
600.8057607705368
601.0021182568964
601.1984616113789
601.3947908315656
601.5911059150385
601.7874068593795
601.9836936621705
602.1799663209932
602.3762248334293
602.5724691970611
602.7686994094698
602.9649154682378
603.1611173709465
603.3573051151781
603.5534786985141
603.7496381185366
603.9457833728273
604.141914458968
604.3380313745408
604.5341341171271
604.7302226843092
604.9262970736684
605.1223572827871
605.3184033092467
605.5144351506292
605.7104528045165
605.9064562684903
606.1024455401326
606.2984206170249
606.4943814967495
606.6903281768879
606.886260655022
607.0821789287337
607.2780829956047
607.4739728532171
607.6698484991524
607.8657099309927
608.0615571463196
608.2573901427152
608.4532089177612
608.6490134690392
608.8448037941315
609.0405798906196
609.2363417560854
609.4320893881107
609.6278227842776
609.8235419421675
610.0192468593626
610.2149375334446
610.4106139619953
610.6062761425965
610.80192407283
610.9975577502779
611.1931771725218
611.3887823371437
611.5843732417251
611.7799498838482
611.9755122610948
612.1710603710463
612.3665942112852
612.5621137793927
612.7576190729511
612.953110089542
613.1485868267473
613.3440492821488
613.5394974533284
613.7349313378679
613.930350933349
614.1257562373538
614.3211472474638
614.5165239612612
614.7118863763277
614.907234490245
615.1025683005951
615.2978878049596
615.4931930009205
615.6884838860595
615.8837604579589
616.0790227141999
616.2742706523649
616.4695042700351
616.6647235647929
616.85992853422
617.055119175898
617.250295487409
617.4454574663346
617.6406051102568
617.8357384167574
618.0308573834182
618.2259620078211
618.4210522875477
618.6161282201803
618.8111898033002
619.0062370344897
619.2012699113302
619.396288431404
619.5912925922923
619.7862823915777
619.9812578268417
620.1762188956658
620.3711655956322
620.5660979243227
620.7610158793191
620.9559194582031
621.1508086585568
621.3456834779616
621.5405439139998
621.7353899642533
621.9302216263034
622.1250388977323
622.3198417761216
622.5146302590534
622.7094043441094
622.9041640288716
623.0989093109216
623.2936401878411
623.4883566572124
623.6830587166169
623.8777463636368
624.0724195958536
624.2670784108493
624.4617228062058
624.6563527795049
624.8509683283282
625.0455694502577
625.2401561428754
625.4347284037628
625.6292862305022
625.8238296206749
626.0183585718631
626.2128730816485
626.4073731476129
626.6018587673383
626.7963299384062
626.9907866583989
627.1852289248977
627.3796567354849
627.574070087742
627.7684689792511
627.962853407594
628.1572233703523
628.3515788651081
628.545919889443
628.7402464409389
628.9345585171777
629.1288561157413
629.3231392342113
629.5174078701699
629.7116620211985
629.9059016848793
630.1001268587939
630.2943375405242
630.4885337276521
630.6827154177593
630.8768826084279
631.0710352972393
631.2651734817756
631.4592971596188
631.6534063283503
631.8475009855524
632.0415811288066
632.2356467556948
632.4296978637989
632.6237344507008
632.8177565139823
633.0117640512249
633.205757060011
633.3997355379219
633.5936994825398
633.7876488914462
633.9815837622235
634.1755040924529
634.3694098797167
634.5633011215965
634.757177815674
634.9510399595315
635.1448875507504
635.3387205869126
635.5325390656
635.7263429843945
635.9201323408778
636.113907132632
636.3076673572385
636.5014130122795
636.6951440953368
636.8888606039918
637.082562535827
637.2762498884238
637.4699226593642
637.6635808462299
637.8572244466029
638.0508534580648
638.2444678781976
638.4380677045832
638.6316529348031
638.8252235664396
639.0187795970743
639.2123210242889
639.4058478456657
639.5993600587858
639.7928576612317
639.9863406505848
640.1798090244272
640.3732627803405
640.5667019159068
640.7601264287078
640.9535363163254
641.1469315763413
641.3403122063373
641.5336782038955
641.7270295665975
641.9203662920253
642.1136883777605
642.306995821385
642.500288620481
642.6935667726298
642.8868302754134
643.0800791264138
643.2733133232127
643.4665328633921
643.6597377445336
643.852927964219
644.0461035200306
644.2392644095497
644.4324106303584
644.6255421800385
644.8186590561716
645.0117612563399
645.204848778125
645.3979216191087
645.5909797768732
645.7840232489998
645.9770520330708
646.1700661266677
646.3630655273727
646.556050232767
646.7490202404331
646.9419755479526
647.1349161529072
647.3278420528789
647.5207532454493
647.7136497282006
647.9065314987143
648.0993985545724
648.2922508933567
648.485088512649
648.6779114100311
648.8707195830851
649.0635130293927
649.2562917465353
649.4490557320953
649.6418049836543
649.8345394987944
650.0272592750968
650.2199643101441
650.4126546015175
650.6053301467991
650.7979909435708
650.9906369894144
651.1832682819116
651.3758848186443
651.5684865971946
651.7610736151438
651.9536458700743
652.1462033595676
652.3387460812054
652.53127403257
652.7237872112427
652.9162856148058
653.1087692408408
653.3012380869297
653.4936921506543
653.6861314295965
653.878555921338
654.0709656234607
654.2633605335463
654.455740649177
654.6481059679343
654.8404564873999
655.0327922051562
655.2251131187845
655.4174192258669
655.6097105239852
655.801987010721
655.9942486836565
656.1864955403732
656.3787275784533
656.5709447954782
656.7631471890302
656.9553347566908
657.1475074960418
657.3396654046653
657.5318084801429
657.7239367200567
657.9160501219882
658.1081486835195
658.3002324022322
658.4923012757083
658.6843553015296
658.8763944772778
659.0684188005351
659.260428268883
659.4524228799033
659.6444026311781
659.8363675202891
660.028317544818
660.2202527023468
660.4121729904573
660.6040784067313
660.7959689487507
660.9878446140973
661.179705400353
661.3715513050993
661.5633823259185
661.7551984603922
661.9469997061022
662.1387860606303
662.3305575215587
662.5223140864688
662.7140557529425
662.9057825185619
663.0974943809084
663.2891913375643
663.480873386111
663.6725405241309
663.8641927492052
664.0558300589163
664.2474524508456
664.439059922575
664.6306524716865
664.8222300957617
665.0137927923828
665.2053405591313
665.3968733935892
665.5883912933383
665.7798942559604
665.9713822790375
666.162855360151
666.3543134968832
666.5457566868156
666.7371849275304
666.928598216609
667.1199965516336
667.3113799301859
667.5027483498477
667.6941018082008
667.885440302827
668.0767638313083
668.2680723912265
668.4593659801635
668.6506445957008
668.8419082354204
669.0331568969044
669.2243905777342
669.4156092754921
669.6068129877594
669.7980017121185
669.9891754461509
670.1803341874383
670.3714779335628
670.5626066821062
670.7537204306503
670.9448191767768
671.1359029180678
671.3269716521048
671.51802537647
671.709064088745
671.9000877865116
672.0910964673518
672.2820901288472
672.47306876858
672.6640323841316
672.8549809730841
673.0459145330194
673.2368330615192
673.4277365561652
673.6186250145396
673.8094984342238
674.0003568127999
674.1912001478498
674.382028436955
674.5728416776977
674.7636398676595
674.9544230044224
675.1451910855682
675.3359441086786
675.5266820713356
675.7174049711207
675.9081128056162
676.0988055724035
676.2894832690649
676.4801458931818
676.6707934423363
676.8614259141102
677.0520433060851
677.2426456158431
677.433232840966
677.6238049790355
677.8143620276335
678.0049039843419
678.1954308467425
678.385942612417
678.5764392789475
678.7669208439155
678.9573873049031
679.1478386594921
679.3382749052643
679.5286960398013
679.7191020606854
679.9094929654981
680.0998687518211
680.2902294172367
680.4805749593263
680.670905375672
680.8612206638555
681.0515208214587
681.2418058460635
681.4320757352515
681.6223304866047
681.8125700977049
682.0027945661341
682.1930038894739
682.3831980653061
682.5733770912126
682.7635409647755
682.9536896835762
683.1438232451968
683.3339416472191
683.5240448872249
683.7141329627962
683.9042058715144
684.0942636109617
684.2843061787198
684.4743335723707
684.6643457894961
684.8543428276778
685.0443246844976
685.2342913575375
685.4242428443793
685.6141791426045
685.8041002497954
685.9940061635335
686.183896881401
686.3737724009794
686.5636327198505
686.7534778355965
686.9433077457988
687.1331224480397
687.3229219399005
687.5127062189634
687.7024752828102
687.8922291290227
688.0819677551825
688.2716911588718
688.4613993376723
688.6510922891656
688.840770010934
689.0304325005588
689.2200797556224
689.4097117737062
689.5993285523921
689.7889300892621
689.9785163818977
690.1680874278812
690.3576432247942
690.5471837702186
690.736709061736
690.9262190969284
691.1157138733778
691.3051933886658
691.4946576403742
691.6841066260849
691.87354034338
692.0629587898409
692.2523619630498
692.4417498605882
692.6311224800382
692.8204798189815
693.0098218749998
693.1991486456755
693.3884601285897
693.5777563213247
693.767037221462
693.956302826584
694.1455531342721
694.334788142108
694.5240078476737
694.7132122485511
694.9024013423222
695.0915751265684
695.280733598872
695.4698767568143
695.6590045979776
695.8481171199436
696.0372143202941
696.2262961966109
696.4153627464758
696.6044139674707
696.7934498571775
696.982470413178
697.1714756330539
697.3604655143872
697.5494400547597
697.7383992517531
697.9273431029494
698.1162716059303
698.3051847582776
698.4940825575734
698.6829650013993
698.8718320873373
699.0606838129689
699.2495201758765
699.4383411736412
699.6271468038456
699.8159370640709
700.0047119518993
700.1934714649125
700.3822156006923
700.5709443568207
700.7596577308793
700.9483557204503
701.1370383231151
701.3257055364559
701.5143573580542
701.702993785492
701.8916148163511
702.0802204482135
702.2688106786609
702.4573855052749
702.6459449256378
702.834488937331
703.0230175379367
703.2115307250365
703.4000284962121
703.588510849046
703.7769777811191
703.9654292900138
704.1538653733119
704.3422860285951
704.5306912534453
704.7190810454445
704.907455402174
705.0958143212163
705.2841578001529
705.4724858365655
705.6607984280363
705.8490955721467
706.0373772664789
706.2256435086146
706.4138942961355
706.6021296266237
706.7903494976607
706.9785539068288
707.1667428517093
707.3549163298844
707.5430743389358
707.7312168764455
707.919343939995
708.1074555271664
708.2955516355415
708.4836322627019
708.6716974062298
708.8597470637068
709.0477812327148
709.2357999108356
709.423803095651
709.611790784743
709.7997629756934
709.9877196660838
710.1756608534961
710.3635865355124
710.5514967097143
710.7393913736838
710.9272705250024
711.1151341612523
711.302982280015
711.4908148788727
711.6786319554071
711.8664335071999
712.0542195318332
712.2419900268884
712.4297449899477
712.6174844185927
712.8052083104054
712.9929166629678
713.1806094738613
713.368286740668
713.5559484609696
713.7435946323482
713.9312252523853
714.1188403186629
714.3064398287628
714.4940237802671
714.6815921707572
714.869144997815
715.0566822590226
715.2442039519617
715.431710074214
715.6192006233615
715.8066755969861
715.9941349926694
716.1815788079934
716.3690070405398
716.5564196878906
716.7438167476275
716.9311982173324
717.1185640945871
717.3059143769734
717.4932490620733
717.6805681474685
717.8678716307408
718.0551595094721
718.2424317812441
718.4296884436391
718.6169294942382
718.8041549306238
718.9913647503774
719.1785589510812
719.3657375303168
719.552900485666
719.7400478147106
719.9271795150324
720.1142955842137
720.3013960198356
720.4884808194806
720.67554998073
720.8626035011662
721.0496413783706
721.2366636099249
721.4236701934115
721.6106611264116
721.7976364065075
721.984596031281
722.1715399983137
722.3584683051876
722.5453809494844
722.7322779287862
722.9191592406744
723.1060248827312
723.2928748525381
723.4797091476775
723.6665277657306
723.8533307042796
724.0401179609064
724.2268895331924
724.41364541872
724.6003856150705
724.7871101198261
724.9738189305684
725.1605120448796
725.3471894603409
725.5338511745349
725.7204971850429
725.9071274894468
726.0937420853286
726.28034097027
726.4669241418529
726.6534915976589
726.8400433352704
727.0265793522686
727.2130996462357
727.3996042147535
727.5860930554037
727.7725661657684
727.9590235434289
728.1454651859675
728.3318910909661
728.5183012560062
728.7046956786699
728.8910743565386
729.0774372871946
729.2637844682196
729.4501158971955
729.636431571704
729.8227314893269
730.009015647646
730.1952840442434
730.3815366767008
730.5677735426
730.7539946395228
730.940199965051
731.1263895167666
731.3125632922512
731.498721289087
731.6848635048556
731.8709899371386
732.0571005835183
732.2431954415761
732.4292745088942
732.6153377830541
732.8013852616381
732.9874169422274
733.1734328224044
733.3594328997507
733.545417171848
733.7313856362783
733.9173382906235
734.1032751324652
734.2891961593855
734.4751013689662
734.6609907587888
734.8468643264355
735.0327220694879
735.218563985528
735.4043900721376
735.5902003268985
735.7759947473926
735.9617733312015
736.1475360759074
736.3332829790918
736.5190140383366
736.704729251224
736.8904286153352
737.0761121282526
737.2617797875575
737.4474315908324
737.6330675356585
737.8186876196181
738.0042918402928
738.1898801952643
738.3754526821148
738.5610092984258
738.7465500417793
738.9320749097571
739.1175838999412
739.303077009913
739.4885542372547
739.6740155795482
739.8594610343749
740.0448905993171
740.2303042719562
740.4157020498745
740.6010839306535
740.7864499118751
740.9717999911214
741.1571341659737
741.3424524340143
741.5277547928248
741.7130412399872
741.898311773083
742.0835663896945
742.2688050874032
742.4540278637911
742.6392347164399
742.8244256429314
743.0096006408478
743.1947597077705
743.3799028412815
743.5650300389625
743.7501412983956
743.9352366171624
744.120315992845
744.3053794230251
744.4904269052844
744.6754584372048
744.8604740163681
745.0454736403564
745.2304573067511
745.4154250131343
745.6003767570879
745.7853125361935
745.9702323480333
746.1551361901886
746.3400240602418
746.5248959557742
746.7097518743682
746.8945918136051
747.079415771067
747.2642237443358
747.4490157309931
747.6337917286208
747.818551734801
748.0032957471153
748.1880237631453
748.3727357804735
748.5574317966809
748.74211180935
748.9267758160624
749.1114238143999
749.2960558019445
749.4806717762776
749.6652717349815
749.8498556756377
750.0344235958285
750.2189754931353
750.4035113651399
750.5880312094245
750.7725350235705
750.9570228051602
751.1414945517749
751.325950260997
751.5103899304079
751.6948135575898
751.8792211401242
752.0636126755929
752.2479881615781
752.4323475956613
752.6166909754246
752.8010182984495
752.9853295623182
753.1696247646122
753.3539039029137
753.5381669748041
753.7224139778656
753.9066449096798
754.0908597678286
754.275058549894
754.4592412534575
754.6434078761014
754.827558415407
755.0116928689565
755.1958112343317
755.3799135091141
755.563999690886
755.7480697772289
755.9321237657249
756.1161616539555
756.300183439503
756.4841891199487
756.6681786928748
756.8521521558631
757.0361095064952
757.2200507423531
757.4039758610186
757.5878848600737
757.7717777371
757.9556544896793
758.1395151153938
758.3233596118249
758.5071879765547
758.691000207165
758.8747963012376
759.0585762563541
759.2423400700967
759.4260877400471
759.609819263787
759.7935346388986
759.9772338629633
760.1609169335632
760.34458384828
760.5282346046955
760.7118692003918
760.8954876329503
761.0790898999535
761.2626759989823
761.4462459276194
761.6297996834462
761.8133372640448
761.9968586669966
762.1803638898837
762.3638529302879
762.5473257857911
762.7307824539753
762.9142229324218
763.0976472187128
763.2810553104301
763.4644472051557
763.647822900471
763.8311823939583
764.0145256831993
764.1978527657753
764.3811636392691
764.5644583012615
764.7477367493352
764.9309989810716
765.1142449940528
765.2974747858601
765.4806883540758
765.6638856962818
765.8470668100595
766.0302316929912
766.2133803426583
766.396512756643
766.5796289325269
766.762728867892
766.9458125603198
767.1288800073927
767.3119312066922
767.4949661558
767.6779848522981
767.8609872937682
768.0439734777924
768.2269434019524
768.4098970638299
768.592834461007
768.7757555910653
768.9586604515868
769.141549040153
769.3244213543462
769.5072773917478
769.6901171499401
769.8729406265045
770.055747819023
770.2385387250777
770.42131334225
770.6040716681218
770.7868137002752
770.9695394362918
771.1522488737535
771.3349420102422
771.5176188433396
771.7002793706278
771.8829235896883
772.0655514981031
772.248163093454
772.4307583733229
772.6133373352915
772.7958999769417
772.9784462958554
773.1609762896143
773.3434899558004
773.5259872919954
773.7084682957811
773.8909329647395
774.0733812964523
774.2558132885015
774.4382289384686
774.6206282439358
774.8030112024848
774.9853778116973
775.1677280691553
775.3500619724405
775.5323795191349
775.7146807068201
775.8969655330783
776.0792339954908
776.2614860916401
776.4437218191074
776.625941175475
776.8081441583244
776.9903307652376
777.1725009937965
777.3546548415827
777.5367923061782
777.7189133851649
777.9010180761244
778.0831063766389
778.2651782842897
778.4472337966592
778.6292729113288
778.8112956258806
778.9933019378963
779.1752918449578
779.357265344647
779.5392224345453
779.7211631122352
779.9030873752981
780.0849952213159
780.2668866478705
780.4487616525438
780.6306202329174
780.8124623865733
780.9942881110934
781.1760974040593
781.3578902630532
781.5396666856564
781.7214266694511
781.9031702120191
782.0848973109423
782.2666079638025
782.4483021681812
782.6299799216607
782.8116412218226
782.9932860662487
783.174914452521
783.3565263782212
783.5381218409311
783.7197008382327
783.9012633677079
784.082809426938
784.2643390135055
784.4458521249916
784.6273487589788
784.8088289130484
784.9902925847825
785.1717397717629
785.3531704715713
785.5345846817897
785.7159823999999
785.8973636237837
786.0787283507229
786.2600765783994
786.4414083043949
786.6227235262915
786.8040222416707
786.9853044481146
787.1665701432049
787.3478193245235
787.5290519896521
787.7102681361727
787.8914677616671
788.072650863717
788.2538174399044
788.4349674878112
788.6161010050189
788.7972179891096
788.9783184376649
789.1594023482671
789.3404697184975
789.5215205459383
789.7025548281711
789.8835725627779
790.0645737473404
790.2455583794406
790.4265264566601
790.6074779765809
790.7884129367849
790.9693313348537
791.1502331683694
791.3311184349136
791.5119871320683
791.6928392574151
791.8736748085361
792.0544937830131
792.2352961784276
792.416081992362
792.5968512223976
792.7776038661166
792.9583399211008
793.1390593849317
793.3197622551916
793.5004485294619
793.6811182053247
793.8617712803616
794.0424077521549
794.2230276182858
794.4036308763366
794.584217523889
794.7647875585249
794.945340977826
795.1258777793743
795.3063979607514
795.4869015195393
795.6673884533197
795.8478587596746
796.0283124361857
796.208749480435
796.3891698900042
796.5695736624752
796.7499607954297
796.9303312864497
797.1106851331167
797.2910223330132
797.4713428837205
797.6516467828203
797.8319340278949
798.012204616526
798.1924585462951
798.3726958147845
798.5529164195759
798.7331203582509
798.9133076283914
799.0934782275796
799.2736321533968
799.4537694034252
799.6338899752465
799.8139938664426
799.9940810745952
800.1741515972864
800.3542054320977
800.5342425766111
800.7142630284085
800.8942667850715
801.0742538441823
801.2542242033223
801.4341778600738
801.6141148120181
801.7940350567376
801.9739385918137
802.1538254148284
802.3336955233636
802.5135489150009
802.6933855873225
802.8732055379098
803.053008764345
803.2327952642099
803.412565035086
803.5923180745555
803.7720543802
803.9517739496014
804.1314767803416
804.3111628700024
804.4908322161655
804.6704848164129
804.8501206683266
805.029739769488
805.2093421174792
805.3889277098818
805.5684965442781
805.7480486182495
805.9275839293782
806.1071024752456
806.2866042534338
806.4660892615246
806.6455574970998
806.8250089577413
807.0044436410308
807.1838615445503
807.3632626658815
807.5426470026064
807.7220145523066
807.9013653125639
808.0806992809606
808.260016455078
808.4393168324983
808.618600410803
808.7978671875743
808.9771171603937
809.1563503268434
809.3355666845048
809.51476623096
809.6939489637908
809.873114880579
810.0522639789066
810.2313962563551
810.4105117105065
810.5896103389426
810.7686921392454
810.9477571089968
811.1268052457781
811.3058365471718
811.4848510107591
811.6638486341224
811.8428294148431
812.0217933505033
812.2007404386849
812.3796706769692
812.5585840629387
812.7374805941748
812.9163602682597
813.0952230827749
813.2740690353023
813.4528981234238
813.6317103447212
813.8105056967764
813.9892841771712
814.1680457834873
814.3467905133067
814.5255183642112
814.7042293337825
814.8829234196027
815.0616006192533
815.2402609303165
815.418904350374
815.5975308770073
815.7761405077987
815.9547332403297
816.1333090721826
816.3118680009385
816.4904100241799
816.6689351394883
816.8474433444457
817.0259346366337
817.2044090136343
817.3828664730294
817.5613070124007
817.7397306293301
817.9181373213993
818.0965270861903
818.2748999212849
818.4532558242649
818.6315947927122
818.8099168242085
818.9882219163359
819.1665100666758
819.3447812728103
819.5230355323212
819.7012728427904
819.8794932017998
820.0576966069309
820.2358830557658
820.4140525458863
820.5922050748743
820.7703406403114
820.9484592397797
821.1265608708608
821.3046455311367
821.4827132181891
821.6607639295999
821.838797662951
822.0168144158242
822.1948141858013
822.372796970464
822.5507627673945
822.7287115741742
822.9066433883853
823.0845582076093
823.2624560294283
823.4403368514241
823.6182006711784
823.7960474862731
823.9738772942901
824.1516900928112
824.3294858794181
824.5072646516928
824.6850264072172
824.8627711435727
825.0404988583416
825.2182095491055
825.3959032134464
825.5735798489461
825.7512394531861
825.9288820237488
826.1065075582155
826.2841160541685
826.4617075091892
826.6392819208598
826.8168392867617
826.9943796044773
827.1719028715881
827.3494090856759
827.5268982443226
827.7043703451101
827.8818253856201
828.0592633634344
828.2366842761351
828.4140881213037
828.5914748965223
828.7688445993728
828.9461972274366
829.123532778296
829.3008512495325
829.4781526387281
829.6554369434647
829.8327041613239
830.0099542898878
830.1871873267379
830.3644032694565
830.541602115625
830.7187838628254
830.8959485086394
831.0730960506493
831.2502264864363
831.4273398135826
831.6044360296702
831.7815151322804
831.9585771189955
832.1356219873971
832.3126497350671
832.4896603595874
832.6666538585397
832.8436302295058
833.0205894700679
833.1975315778074
833.3744565503061
833.5513643851465
833.7282550799096
833.9051286321778
834.0819850395325
834.258824299556
834.4356464098298
834.6124513679357
834.7892391714558
834.9660098179718
835.1427633050655
835.3194996303188
835.4962187913135
835.6729207856314
835.8496056108543
836.0262732645642
836.2029237443428
836.3795570477719
836.5561731724334
836.7327721159094
836.909353875781
837.0859184496308
837.2624658350403
837.4389960295914
837.6155090308658
837.7920048364454
837.9684834439121
838.1449448508477
838.321389054834
838.4978160534529
838.6742258442862
838.8506184249158
839.0269937929232
839.2033519458907
839.3796928813999
839.5560165970327
839.7323230903708
839.9086123589962
840.0848844004906
840.261139212436
840.437376792414
840.6135971380066
840.7898002467956
840.9659861163628
841.1421547442902
841.3183061281593
841.4944402655523
841.6705571540507
841.8466567912365
842.0227391746917
842.1988043019977
842.3748521707369
842.5508827784905
842.7268961228408
842.9028922013695
843.0788710116584
843.2548325512895
843.4307768178444
843.606703808905
843.7826135220531
843.9585059548707
844.1343811049393
844.3102389698412
844.4860795471578
844.6619028344713
844.8377088293634
845.0134975294156
845.1892689322103
845.3650230353289
845.5407598363536
845.7164793328658
845.8921815224476
846.0678664026808
846.2435339711473
846.4191842254288
846.5948171631071
846.7704327817643
846.9460310789818
847.1216120523419
847.2971756994261
847.4727220178164
847.6482510050947
847.8237626588426
847.9992569766421
848.174733956075
848.350193594723
848.525635890168
848.7010608399922
848.8764684417769
849.0518586931042
849.227231591556
849.4025871347138
849.5779253201598
849.7532461454756
849.9285496082431
850.1038357060443
850.2791044364608
850.4543557970744
850.6295897854673
850.8048063992209
850.9800056359171
851.1551874931381
851.3303519684655
851.5054990594809
851.6806287637664
851.855741078904
852.0308360024752
852.2059135320619
852.380973665246
852.5560163996092
852.7310417327337
852.906049662201
853.081040185593
853.2560133004913
853.4309690044784
853.6059072951355
853.7808281700446
853.9557316267877
854.1306176629464
854.3054862761028
854.4803374638384
854.6551712237354
854.8299875533752
855.0047864503402
855.1795679122117
855.3543319365718
855.5290785210024
855.703807663085
855.8785193604017
856.0532136105344
856.2278904110648
856.4025497595748
856.5771916536459
856.7518160908605
856.9264230687999
857.1010125850463
857.2755846371815
857.4501392227871
857.6246763394452
857.7991959847375
857.9736981562457
858.148182851552
858.3226500682379
858.4970998038852
858.6715320560762
858.8459468223922
859.0203441004153
859.1947238877273
859.3690861819099
859.5434309805452
859.7177582812147
859.8920680815005
860.0663603789844
860.2406351712481
860.4148924558735
860.5891322304426
860.763354492537
860.9375592397384
861.1117464696291
861.2859161797905
861.4600683678048
861.6342030312535
861.8083201677186
861.9824197747819
862.1565018500253
862.3305663910306
862.5046133953796
862.678642860654
862.8526547844359
863.0266491643071
863.2006259978491
863.3745852826441
863.5485270162739
863.7224511963202
863.8963578203649
864.0702468859895
864.2441183907765
864.4179723323072
864.5918087081637
864.7656275159277
864.939428753181
865.1132124175057
865.2869785064833
865.4607270176957
865.6344579487248
865.8081712971527
865.9818670605607
866.1555452365311
866.3292058226455
866.5028488164858
866.6764742156337
866.8500820176711
867.0236722201801
867.1972448207421
867.3707998169392
867.5443372063531
867.7178569865657
867.8913591551589
868.0648437097146
868.2383106478144
868.4117599670401
868.585191664974
868.7586057391973
868.9320021872923
869.1053810068405
869.278742195424
869.4520857506246
869.625411670024
869.7987199512042
869.9720105917468
870.1452835892338
870.3185389412471
870.4917766453683
870.6649966991794
870.8381991002624
871.0113838461988
871.1845509345704
871.3577003629595
871.5308321289474
871.7039462301162
871.8770426640477
872.0501214283239
872.2231825205264
872.3962259382371
872.5692516790377
872.7422597405103
872.9152501202366
873.0882228157983
873.2611778247775
873.4341151447558
873.6070347733153
873.7799367080377
873.9528209465046
874.125687486298
874.298536325
874.471367460192
874.644180889456
874.816976610374
874.9897546205277
875.1625149174989
875.3352574988696
875.5079823622214
875.6806895051361
875.8533789251958
876.0260506199822
876.1987045870769
876.3713408240623
876.5439593285197
876.7165600980313
876.8891431301787
877.0617084225437
877.2342559727083
877.4067857782542
877.5792978367634
877.7517921458175
877.9242687029986
878.0967275058883
878.2691685520685
878.4415918391213
878.6139973646281
878.7863851261709
878.9587551213317
879.1311073476921
879.303441802834
879.4757584843394
879.6480573897899
879.8203385167674
879.9926018628538
880.1648474256309
880.3370752026805
880.5092851915845
880.6814773899247
880.8536517952829
881.0258084052409
881.1979472173807
881.370068229284
881.5421714385327
881.7142568427086
881.8863244393934
882.058374226169
882.2304062006176
882.4024203603207
882.5744167028598
882.7463952258174
882.9183559267749
883.0902988033143
883.2622238530174
883.4341310734661
883.606020462242
883.7778920169272
883.9497457351034
884.1215816143524
884.2933996522563
884.4651998463966
884.6369821943551
884.8087466937139
884.9804933420548
885.1522221369595
885.3239330760099
885.4956261567878
885.6673013768751
885.8389587338536
886.0105982253051
886.1822198488114
886.3538236019544
886.5254094823161
886.6969774874781
886.8685276150221
887.0400598625304
887.2115742275843
887.383070707766
887.5545493006572
887.7260100038399
887.8974528148956
888.0688777314064
888.2402847509541
888.4116738711203
888.5830450894872
888.7543984036364
888.9257338111498
889.0970513096091
889.2683508965965
889.4396325696933
889.6108963264818
889.7821421645438
889.9533700814608
890.1245800748148
890.2957721421876
890.4669462811613
890.6381024893174
890.8092407642379
890.9803611035045
891.1514635046991
891.3225479654038
891.4936144832
891.6646630556697
891.8356936803947
892.006706354957
892.1777010769382
892.3486778439204
892.5196366534853
892.6905775032146
892.8615003906905
893.0324053134942
893.2032922692081
893.3741612554138
893.5450122696934
893.7158453096283
893.8866603728006
894.0574574567921
894.2282365591846
894.39899767756
894.5697408095
894.7404659525866
894.9111731044015
895.0818622625267
895.2525334245438
895.4231865880348
895.5938217505814
895.7644389097655
895.9350380631691
896.1056192083738
896.2761823429614
896.446727464514
896.6172545706133
896.7877636588411
896.9582547267793
897.1287277720096
897.2991827921138
897.469619784674
897.6400387472719
897.8104396774893
897.9808225729079
898.1511874311099
898.3215342496767
898.4918630261905
898.6621737582329
898.8324664433858
899.0027410792312
899.1729976633507
899.3432361933262
899.5134566667396